0 0
1 -5
2 -11
3 -17
4 -22
5 -28
6 -33
7 -39
8 -44
9 -49
10 -54
11 -59
12 -63
13 -67
14 -72
15 -75
16 -79
17 -82
18 -86
19 -88
20 -91
21 -93
22 -95
23 -96
24 -98
25 -99
26 -99
27 -99
28 -99
29 -99
30 -98
31 -97
32 -96
33 -94
34 -92
35 -90
36 -87
37 -84
38 -81
39 -78
40 -74
41 -70
42 -66
43 -61
44 -57
45 -52
46 -47
47 -42
48 -37
49 -31
50 -26
51 -20
52 -15
53 -9
54 -3
55 2
56 7
57 13
58 19
59 24
60 30
61 35
62 41
63 46
64 51
65 56
66 60
67 65
68 69
69 73
70 77
71 80
72 84
73 87
74 89
75 92
76 94
77 96
78 97
79 98
80 99
81 99
82 99
83 99
84 99
85 98
86 97
87 95
88 93
89 91
90 89
91 86
92 83
93 80
94 76
95 73
96 69
97 64
98 60
99 55
100 50
101 45
102 40
103 35
104 29
105 24
106 18
107 12
108 7
109 1
110 -4
111 -10
112 -15
113 -21
114 -27
115 -32
116 -37
117 -43
118 -48
119 -53
120 -57
121 -62
122 -66
123 -71
124 -75
125 -78
126 -82
127 -85
128 -88
129 -90
130 -92
131 -94
132 -96
133 -97
134 -98
135 -99
136 -99
137 -99
138 -99
139 -99
140 -98
141 -96
142 -95
143 -93
144 -90
145 -88
146 -85
147 -82
148 -79
149 -75
150 -71
151 -67
152 -63
153 -58
154 -53
155 -48
156 -43
157 -38
158 -33
159 -27
160 -22
161 -16
162 -10
163 -4
164 0
165 6
166 12
167 17
168 23
169 29
170 34
171 39
172 45
173 50
174 55
175 59
176 64
177 68
178 72
179 76
180 80
181 83
182 86
183 89
184 91
185 93
186 95
187 97
188 98
189 99
190 99
191 99
192 99
193 99
194 98
195 97
196 96
197 94
198 92
199 90
200 87
201 84
202 81
203 77
204 74
205 70
206 65
207 61
208 56
209 51
210 46
211 41
212 36
213 31
214 25
215 19
216 14
217 8
218 2
219 -2
220 -8
221 -14
222 -20
223 -25
224 -31
225 -36
226 -41
227 -47
228 -52
229 -56
230 -61
231 -65
232 -70
233 -74
234 -77
235 -81
236 -84
237 -87
238 -90
239 -92
240 -94
241 -96
242 -97
243 -98
244 -99
245 -99
246 -99
247 -99
248 -99
249 -98
250 -97
251 -95
252 -93
253 -91
254 -89
255 -86
256 -83
257 -79
258 -76
259 -72
260 -68
261 -64
262 -59
263 -54
264 -50
265 -44
266 -39
267 -34
268 -28
269 -23
270 -17
271 -12
272 -6
273 0
274 5
275 10
276 16
277 22
278 27
279 33
280 38
281 43
282 48
283 53
284 58
285 63
286 67
287 71
288 75
289 79
290 82
291 85
292 88
293 91
294 93
295 95
296 96
297 98
298 99
299 99
300 99
301 99
302 99
303 98
304 97
305 96
306 94
307 92
308 90
309 88
310 85
311 82
312 78
313 74
314 71
315 66
316 62
317 57
318 53
319 48
320 42
321 37
322 32
323 26
324 21
325 15
326 9
327 4
328 -1
329 -7
330 -13
331 -18
332 -24
333 -29
334 -35
335 -40
336 -45
337 -50
338 -55
339 -60
340 -64
341 -69
342 -73
343 -76
344 -80
345 -83
346 -86
347 -89
348 -91
349 -94
350 -95
351 -97
352 -98
353 -99
354 -99
355 -99
356 -99
357 -99
358 -98
359 -97
360 -95
361 -94
362 -92
363 -89
364 -87
365 -84
366 -80
367 -77
368 -73
369 -69
370 -65
371 -60
372 -56
373 -51
374 -46
375 -41
376 -35
377 -30
378 -24
379 -19
380 -13
381 -7
382 -2
383 3
384 9
385 15
386 20
387 26
388 31
389 37
390 42
391 47
392 52
393 57
394 62
395 66
396 70
397 74
398 78
399 81
400 84
401 87
402 90
403 92
404 94
405 96
406 97
407 98
408 99
409 99
410 99
411 99
412 99
413 98
414 96
415 95
416 93
417 91
418 88
419 85
420 82
421 79
422 75
423 71
424 67
425 63
426 58
427 54
428 49
429 44
430 39
431 33
432 28
433 22
434 17
435 11
436 5
437 0
438 -5
439 -11
440 -17
441 -22
442 -28
443 -33
444 -39
445 -44
446 -49
447 -54
448 -59
449 -63
450 -68
451 -72
452 -76
453 -79
454 -83
455 -86
456 -88
457 -91
458 -93
459 -95
460 -96
461 -98
462 -99
463 -99
464 -99
465 -99
466 -99
467 -98
468 -97
469 -96
470 -94
471 -92
472 -90
473 -87
474 -84
475 -81
476 -78
477 -74
478 -70
479 -66
480 -61
481 -57
482 -52
483 -47
484 -42
485 -37
486 -31
487 -26
488 -20
489 -14
490 -9
491 -3
492 2
493 8
494 13
495 19
496 25
497 30
498 36
499 41
500 46
501 51
502 56
503 61
504 65
505 69
506 73
507 77
508 80
509 84
510 87
511 89
512 92
513 94
514 96
515 97
516 98
517 99
518 99
519 99
520 99
521 99
522 98
523 97
524 95
525 93
526 91
527 89
528 86
529 83
530 80
531 76
532 72
533 68
534 64
535 60
536 55
537 50
538 45
539 40
540 34
541 29
542 23
543 18
544 12
545 6
546 1
547 -4
548 -10
549 -15
550 -21
551 -27
552 -32
553 -38
554 -43
555 -48
556 -53
557 -58
558 -62
559 -67
560 -71
561 -75
562 -78
563 -82
564 -85
565 -88
566 -90
567 -93
568 -94
569 -96
570 -97
571 -98
572 -99
573 -99
574 -99
575 -99
576 -98
577 -98
578 -96
579 -95
580 -93
581 -90
582 -88
583 -85
584 -82
585 -78
586 -75
587 -71
588 -67
589 -62
590 -58
591 -53
592 -48
593 -43
594 -38
595 -32
596 -27
597 -21
598 -16
599 -10
600 -4
601 0
602 6
603 12
604 18
605 23
606 29
607 34
608 40
609 45
610 50
611 55
612 59
613 64
614 68
615 72
616 76
617 80
618 83
619 86
620 89
621 91
622 93
623 95
624 97
625 98
626 99
627 99
628 99
629 99
630 99
631 98
632 97
633 96
634 94
635 92
636 89
637 87
638 84
639 81
640 77
641 73
642 69
643 65
644 61
645 56
646 51
647 46
648 41
649 36
650 30
651 25
652 19
653 14
654 8
655 2
656 -3
657 -8
658 -14
659 -20
660 -25
661 -31
662 -36
663 -42
664 -47
665 -52
666 -56
667 -61
668 -66
669 -70
670 -74
671 -77
672 -81
673 -84
674 -87
675 -90
676 -92
677 -94
678 -96
679 -97
680 -98
681 -99
682 -99
683 -99
684 -99
685 -99
686 -98
687 -97
688 -95
689 -93
690 -91
691 -88
692 -86
693 -83
694 -79
695 -76
696 -72
697 -68
698 -64
699 -59
700 -54
701 -49
702 -44
703 -39
704 -34
705 -28
706 -23
707 -17
708 -11
709 -6
710 0
711 5
712 11
713 16
714 22
715 27
716 33
717 38
718 44
719 49
720 54
721 58
722 63
723 67
724 71
725 75
726 79
727 82
728 85
729 88
730 91
731 93
732 95
733 96
734 98
735 99
736 99
737 99
738 99
739 99
740 98
741 97
742 96
743 94
744 92
745 90
746 87
747 85
748 81
749 78
750 74
751 70
752 66
753 62
754 57
755 52
756 47
757 42
758 37
759 32
760 26
761 21
762 15
763 9
764 4
765 -1
766 -7
767 -13
768 -18
769 -24
770 -30
771 -35
772 -40
773 -45
774 -50
775 -55
776 -60
777 -64
778 -69
779 -73
780 -77
781 -80
782 -83
783 -86
784 -89
785 -91
786 -94
787 -95
788 -97
789 -98
790 -99
791 -99
792 -99
793 -99
794 -99
795 -98
796 -97
797 -95
798 -94
799 -92
800 -89
801 -86
802 -83
803 -80
804 -77
805 -73
806 -69
807 -65
808 -60
809 -55
810 -51
811 -46
812 -40
813 -35
814 -30
815 -24
816 -18
817 -13
818 -7
819 -1
820 3
821 9
822 15
823 21
824 26
825 32
826 37
827 42
828 47
829 52
830 57
831 62
832 66
833 70
834 74
835 78
836 81
837 85
838 87
839 90
840 92
841 94
842 96
843 97
844 98
845 99
846 99
847 99
848 99
849 99
850 98
851 96
852 95
853 93
854 91
855 88
856 85
857 82
858 79
859 75
860 71
861 67
862 63
863 58
864 54
865 49
866 44
867 38
868 33
869 28
870 22
871 16
872 11
873 5
874 0
875 -6
876 -11
877 -17
878 -23
879 -28
880 -34
881 -39
882 -44
883 -49
884 -54
885 -59
886 -63
887 -68
888 -72
889 -76
890 -79
891 -83
892 -86
893 -88
894 -91
895 -93
896 -95
897 -97
898 -98
899 -99
900 -99
901 -99
902 -99
903 -99
904 -98
905 -97
906 -96
907 -94
908 -92
909 -90
910 -87
911 -84
912 -81
913 -78
914 -74
915 -70
916 -66
917 -61
918 -57
919 -52
920 -47
921 -42
922 -36
923 -31
924 -25
925 -20
926 -14
927 -8
928 -3
929 2
930 8
931 13
932 19
933 25
934 30
935 36
936 41
937 46
938 51
939 56
940 61
941 65
942 69
943 73
944 77
945 81
946 84
947 87
948 89
949 92
950 94
951 96
952 97
953 98
954 99
955 99
956 99
957 99
958 99
959 98
960 97
961 95
962 93
963 91
964 89
965 86
966 83
967 80
968 76
969 72
970 68
971 64
972 59
973 55
974 50
975 45
976 40
977 34
978 29
979 23
980 18
981 12
982 6
983 1
984 -4
985 -10
986 -16
987 -21
988 -27
989 -32
990 -38
991 -43
992 -48
993 -53
994 -58
995 -62
996 -67
997 -71
998 -75
999 -78
1000 -82
1001 -85
1002 -88
1003 -90
1004 -93
1005 -95
1006 -96
1007 -97
1008 -98
1009 -99
1010 -99
1011 -99
1012 -99
1013 -98
1014 -97
1015 -96
1016 -95
1017 -93
1018 -90
1019 -88
1020 -85
1021 -82
1022 -78
1023 -75
1024 -71
1025 -67
1026 -62
1027 -58
1028 -53
1029 -48
1030 -43
1031 -38
1032 -32
1033 -27
1034 -21
1035 -16
1036 -10
1037 -4
1038 1
1039 6
1040 12
1041 18
1042 23
1043 29
1044 34
1045 40
1046 45
1047 50
1048 55
1049 60
1050 64
1051 68
1052 72
1053 76
1054 80
1055 83
1056 86
1057 89
1058 91
1059 93
1060 95
1061 97
1062 98
1063 99
1064 99
1065 99
1066 99
1067 99
1068 98
1069 97
1070 96
1071 94
1072 92
1073 89
1074 87
1075 84
1076 81
1077 77
1078 73
1079 69
1080 65
1081 61
1082 56
1083 51
1084 46
1085 41
1086 36
1087 30
1088 25
1089 19
1090 13
1091 8
1092 2
1093 -3
1094 -9
1095 -14
1096 -20
1097 -26
1098 -31
1099 -36
1100 -42
1101 -47
1102 -52
1103 -57
1104 -61
1105 -66
1106 -70
1107 -74
1108 -78
1109 -81
1110 -84
1111 -87
1112 -90
1113 -92
1114 -94
1115 -96
1116 -97
1117 -98
1118 -99
1119 -99
1120 -99
1121 -99
1122 -99
1123 -98
1124 -97
1125 -95
1126 -93
1127 -91
1128 -88
1129 -86
1130 -83
1131 -79
1132 -76
1133 -72
1134 -68
1135 -63
1136 -59
1137 -54
1138 -49
1139 -44
1140 -39
1141 -34
1142 -28
1143 -23
1144 -17
1145 -11
1146 -6
1147 0
1148 5
1149 11
1150 16
1151 22
1152 28
1153 33
1154 38
1155 44
1156 49
1157 54
1158 58
1159 63
1160 67
1161 71
1162 75
1163 79
1164 82
1165 85
1166 88
1167 91
1168 93
1169 95
1170 96
1171 98
1172 99
1173 99
1174 99
1175 99
1176 99
1177 98
1178 97
1179 96
1180 94
1181 92
1182 90
1183 87
1184 85
1185 81
1186 78
1187 74
1188 70
1189 66
1190 62
1191 57
1192 52
1193 47
1194 42
1195 37
1196 32
1197 26
1198 20
1199 15
1200 9
1201 3
1202 -1
1203 -7
1204 -13
1205 -19
1206 -24
1207 -30
1208 -35
1209 -40
1210 -46
1211 -51
1212 -55
1213 -60
1214 -65
1215 -69
1216 -73
1217 -77
1218 -80
1219 -83
1220 -86
1221 -89
1222 -92
1223 -94
1224 -95
1225 -97
1226 -98
1227 -99
1228 -99
1229 -99
1230 -99
1231 -99
1232 -98
1233 -97
1234 -95
1235 -94
1236 -91
1237 -89
1238 -86
1239 -83
1240 -80
1241 -77
1242 -73
1243 -69
1244 -64
1245 -60
1246 -55
1247 -50
1248 -45
1249 -40
1250 -35
1251 -29
1252 -24
1253 -18
1254 -13
1255 -7
1256 -1
1257 4
1258 9
1259 15
1260 21
1261 26
1262 32
1263 37
1264 42
1265 48
1266 52
1267 57
1268 62
1269 66
1270 70
1271 74
1272 78
1273 81
1274 85
1275 88
1276 90
1277 92
1278 94
1279 96
1280 97
1281 98
1282 99
1283 99
1284 99
1285 99
1286 99
1287 98
1288 96
1289 95
1290 93
1291 91
1292 88
1293 85
1294 82
1295 79
1296 75
1297 71
1298 67
1299 63
1300 58
1301 53
1302 49
1303 43
1304 38
1305 33
1306 27
1307 22
1308 16
1309 10
1310 5
1311 0
1312 -6
1313 -11
1314 -17
1315 -23
1316 -28
1317 -34
1318 -39
1319 -44
1320 -49
1321 -54
1322 -59
1323 -64
1324 -68
1325 -72
1326 -76
1327 -79
1328 -83
1329 -86
1330 -89
1331 -91
1332 -93
1333 -95
1334 -97
1335 -98
1336 -99
1337 -99
1338 -99
1339 -99
1340 -99
1341 -98
1342 -97
1343 -96
1344 -94
1345 -92
1346 -90
1347 -87
1348 -84
1349 -81
1350 -77
1351 -74
1352 -70
1353 -65
1354 -61
1355 -56
1356 -52
1357 -47
1358 -41
1359 -36
1360 -31
1361 -25
1362 -20
1363 -14
1364 -8
1365 -3
1366 2
1367 8
1368 14
1369 19
1370 25
1371 30
1372 36
1373 41
1374 46
1375 51
1376 56
1377 61
1378 65
1379 69
1380 73
1381 77
1382 81
1383 84
1384 87
1385 89
1386 92
1387 94
1388 96
1389 97
1390 98
1391 99
1392 99
1393 99
1394 99
1395 99
1396 98
1397 97
1398 95
1399 93
1400 91
1401 89
1402 86
1403 83
1404 80
1405 76
1406 72
1407 68
1408 64
1409 59
1410 55
1411 50
1412 45
1413 39
1414 34
1415 29
1416 23
1417 18
1418 12
1419 6
1420 0
1421 -4
1422 -10
1423 -16
1424 -21
1425 -27
1426 -32
1427 -38
1428 -43
1429 -48
1430 -53
1431 -58
1432 -62
1433 -67
1434 -71
1435 -75
1436 -79
1437 -82
1438 -85
1439 -88
1440 -90
1441 -93
1442 -95
1443 -96
1444 -98
1445 -98
1446 -99
1447 -99
1448 -99
1449 -99
1450 -98
1451 -97
1452 -96
1453 -94
1454 -93
1455 -90
1456 -88
1457 -85
1458 -82
1459 -78
1460 -75
1461 -71
1462 -67
1463 -62
1464 -58
1465 -53
1466 -48
1467 -43
1468 -37
1469 -32
1470 -27
1471 -21
1472 -15
1473 -10
1474 -4
1475 1
1476 7
1477 12
1478 18
1479 24
1480 29
1481 35
1482 40
1483 45
1484 50
1485 55
1486 60
1487 64
1488 68
1489 72
1490 76
1491 80
1492 83
1493 86
1494 89
1495 91
1496 93
1497 95
1498 97
1499 98
1500 99
1501 99
1502 99
1503 99
1504 99
1505 98
1506 97
1507 96
1508 94
1509 92
1510 89
1511 87
1512 84
1513 80
1514 77
1515 73
1516 69
1517 65
1518 60
1519 56
1520 51
1521 46
1522 41
1523 35
1524 30
1525 25
1526 19
1527 13
1528 8
1529 2
1530 -3
1531 -9
1532 -14
1533 -20
1534 -26
1535 -31
1536 -37
1537 -42
1538 -47
1539 -52
1540 -57
1541 -61
1542 -66
1543 -70
1544 -74
1545 -78
1546 -81
1547 -84
1548 -87
1549 -90
1550 -92
1551 -94
1552 -96
1553 -97
1554 -98
1555 -99
1556 -99
1557 -99
1558 -99
1559 -99
1560 -98
1561 -96
1562 -95
1563 -93
1564 -91
1565 -88
1566 -86
1567 -82
1568 -79
1569 -76
1570 -72
1571 -68
1572 -63
1573 -59
1574 -54
1575 -49
1576 -44
1577 -39
1578 -33
1579 -28
1580 -22
1581 -17
1582 -11
1583 -5
1584 0
1585 5
1586 11
1587 17
1588 22
1589 28
1590 33
1591 39
1592 44
1593 49
1594 54
1595 59
1596 63
1597 67
1598 72
1599 75
1600 79
1601 82
1602 85
1603 88
1604 91
1605 93
1606 95
1607 96
1608 98
1609 99
1610 99
1611 99
1612 99
1613 99
1614 98
1615 97
1616 96
1617 94
1618 92
1619 90
1620 87
1621 84
1622 81
1623 78
1624 74
1625 70
1626 66
1627 62
1628 57
1629 52
1630 47
1631 42
1632 37
1633 31
1634 26
1635 20
1636 15
1637 9
1638 3
1639 -2
1640 -7
1641 -13
1642 -19
1643 -24
1644 -30
1645 -35
1646 -41
1647 -46
1648 -51
1649 -56
1650 -60
1651 -65
1652 -69
1653 -73
1654 -77
1655 -80
1656 -84
1657 -87
1658 -89
1659 -92
1660 -94
1661 -95
1662 -97
1663 -98
1664 -99
1665 -99
1666 -99
1667 -99
1668 -99
1669 -98
1670 -97
1671 -95
1672 -94
1673 -91
1674 -89
1675 -86
1676 -83
1677 -80
1678 -76
1679 -73
1680 -69
1681 -64
1682 -60
1683 -55
1684 -50
1685 -45
1686 -40
1687 -35
1688 -29
1689 -24
1690 -18
1691 -12
1692 -7
1693 -1
1694 4
1695 9
1696 15
1697 21
1698 26
1699 32
1700 37
1701 43
1702 48
1703 53
1704 57
1705 62
1706 66
1707 71
1708 74
1709 78
1710 82
1711 85
1712 88
1713 90
1714 92
1715 94
1716 96
1717 97
1718 98
1719 99
1720 99
1721 99
1722 99
1723 99
1724 98
1725 96
1726 95
1727 93
1728 91
1729 88
1730 85
1731 82
1732 79
1733 75
1734 71
1735 67
1736 63
1737 58
1738 53
1739 48
1740 43
1741 38
1742 33
1743 27
1744 22
1745 16
1746 10
1747 5
1748 0
1749 -6
1750 -12
1751 -17
1752 -23
1753 -29
1754 -34
1755 -39
1756 -45
1757 -50
1758 -54
1759 -59
1760 -64
1761 -68
1762 -72
1763 -76
1764 -79
1765 -83
1766 -86
1767 -89
1768 -91
1769 -93
1770 -95
1771 -97
1772 -98
1773 -99
1774 -99
1775 -99
1776 -99
1777 -99
1778 -98
1779 -97
1780 -96
1781 -94
1782 -92
1783 -90
1784 -87
1785 -84
1786 -81
1787 -77
1788 -74
1789 -70
1790 -65
1791 -61
1792 -56
1793 -51
1794 -46
1795 -41
1796 -36
1797 -31
1798 -25
1799 -20
1800 -14
1801 -8
1802 -2
1803 2
1804 8
1805 14
1806 19
1807 25
1808 31
1809 36
1810 41
1811 46
1812 51
1813 56
1814 61
1815 65
1816 70
1817 74
1818 77
1819 81
1820 84
1821 87
1822 90
1823 92
1824 94
1825 96
1826 97
1827 98
1828 99
1829 99
1830 99
1831 99
1832 99
1833 98
1834 97
1835 95
1836 93
1837 91
1838 89
1839 86
1840 83
1841 80
1842 76
1843 72
1844 68
1845 64
1846 59
1847 54
1848 50
1849 45
1850 39
1851 34
1852 29
1853 23
1854 17
1855 12
1856 6
1857 0
1858 -5
1859 -10
1860 -16
1861 -22
1862 -27
1863 -33
1864 -38
1865 -43
1866 -48
1867 -53
1868 -58
1869 -63
1870 -67
1871 -71
1872 -75
1873 -79
1874 -82
1875 -85
1876 -88
1877 -90
1878 -93
1879 -95
1880 -96
1881 -98
1882 -99
1883 -99
1884 -99
1885 -99
1886 -99
1887 -98
1888 -97
1889 -96
1890 -94
1891 -92
1892 -90
1893 -88
1894 -85
1895 -82
1896 -78
1897 -75
1898 -71
1899 -66
1900 -62
1901 -57
1902 -53
1903 -48
1904 -43
1905 -37
1906 -32
1907 -26
1908 -21
1909 -15
1910 -10
1911 -4
1912 1
1913 7
1914 12
1915 18
1916 24
1917 29
1918 35
1919 40
1920 45
1921 50
1922 55
1923 60
1924 64
1925 69
1926 73
1927 76
1928 80
1929 83
1930 86
1931 89
1932 91
1933 93
1934 95
1935 97
1936 98
1937 99
1938 99
1939 99
1940 99
1941 99
1942 98
1943 97
1944 95
1945 94
1946 92
1947 89
1948 87
1949 84
1950 80
1951 77
1952 73
1953 69
1954 65
1955 60
1956 56
1957 51
1958 46
1959 41
1960 35
1961 30
1962 24
1963 19
1964 13
1965 7
1966 2
1967 -3
1968 -9
1969 -15
1970 -20
1971 -26
1972 -31
1973 -37
1974 -42
1975 -47
1976 -52
1977 -57
1978 -62
1979 -66
1980 -70
1981 -74
1982 -78
1983 -81
1984 -84
1985 -87
1986 -90
1987 -92
1988 -94
1989 -96
1990 -97
1991 -98
1992 -99
1993 -99
1994 -99
1995 -99
1996 -99
1997 -98
1998 -96
1999 -95
2000 -93
2001 -91
2002 -88
2003 -85
2004 -82
2005 -79
2006 -75
2007 -72
2008 -67
2009 -63
2010 -59
2011 -54
2012 -49
2013 -44
2014 -39
2015 -33
2016 -28
2017 -22
2018 -17
2019 -11
2020 -5
2021 0
2022 5
2023 11
2024 17
2025 22
2026 28
2027 33
2028 39
2029 44
2030 49
2031 54
2032 59
2033 63
2034 68
2035 72
2036 76
2037 79
2038 82
2039 86
2040 88
2041 91
2042 93
2043 95
2044 96
2045 98
2046 99
2047 99
2048 99
2049 99
2050 99
2051 98
2052 97
2053 96
2054 94
2055 92
2056 90
2057 87
2058 84
2059 81
2060 78
2061 74
2062 70
2063 66
2064 61
2065 57
2066 52
2067 47
2068 42
2069 37
2070 31
2071 26
2072 20
2073 14
2074 9
2075 3
2076 -2
2077 -7
2078 -13
2079 -19
2080 -24
2081 -30
2082 -35
2083 -41
2084 -46
2085 -51
2086 -56
2087 -60
2088 -65
2089 -69
2090 -73
2091 -77
2092 -80
2093 -84
2094 -87
2095 -89
2096 -92
2097 -94
2098 -96
2099 -97
2100 -98
2101 -99
2102 -99
2103 -99
2104 -99
2105 -99
2106 -98
2107 -97
2108 -95
2109 -93
2110 -91
2111 -89
2112 -86
2113 -83
2114 -80
2115 -76
2116 -73
2117 -68
2118 -64
2119 -60
2120 -55
2121 -50
2122 -45
2123 -40
2124 -35
2125 -29
2126 -24
2127 -18
2128 -12
2129 -7
2130 -1
2131 4
2132 10
2133 15
2134 21
2135 27
2136 32
2137 37
2138 43
2139 48
2140 53
2141 58
2142 62
2143 67
2144 71
2145 75
2146 78
2147 82
2148 85
2149 88
2150 90
2151 93
2152 94
2153 96
2154 97
2155 98
2156 99
2157 99
2158 99
2159 99
2160 99
2161 98
2162 96
2163 95
2164 93
2165 90
2166 88
2167 85
2168 82
2169 79
2170 75
2171 71
2172 67
2173 63
2174 58
2175 53
2176 48
2177 43
2178 38
2179 33
2180 27
2181 21
2182 16
2183 10
2184 4
2185 0
2186 -6
2187 -12
2188 -18
2189 -23
2190 -29
2191 -34
2192 -39
2193 -45
2194 -50
2195 -55
2196 -59
2197 -64
2198 -68
2199 -72
2200 -76
2201 -80
2202 -83
2203 -86
2204 -89
2205 -91
2206 -93
2207 -95
2208 -97
2209 -98
2210 -99
2211 -99
2212 -99
2213 -99
2214 -99
2215 -98
2216 -97
2217 -96
2218 -94
2219 -92
2220 -90
2221 -87
2222 -84
2223 -81
2224 -77
2225 -73
2226 -69
2227 -65
2228 -61
2229 -56
2230 -51
2231 -46
2232 -41
2233 -36
2234 -30
2235 -25
2236 -19
2237 -14
2238 -8
2239 -2
2240 3
2241 8
2242 14
2243 20
2244 25
2245 31
2246 36
2247 41
2248 47
2249 52
2250 56
2251 61
2252 65
2253 70
2254 74
2255 77
2256 81
2257 84
2258 87
2259 90
2260 92
2261 94
2262 96
2263 97
2264 98
2265 99
2266 99
2267 99
2268 99
2269 99
2270 98
2271 97
2272 95
2273 93
2274 91
2275 89
2276 86
2277 83
2278 79
2279 76
2280 72
2281 68
2282 64
2283 59
2284 54
2285 49
2286 44
2287 39
2288 34
2289 28
2290 23
2291 17
2292 12
2293 6
2294 0
2295 -5
2296 -10
2297 -16
2298 -22
2299 -27
2300 -33
2301 -38
2302 -43
2303 -49
2304 -53
2305 -58
2306 -63
2307 -67
2308 -71
2309 -75
2310 -79
2311 -82
2312 -85
2313 -88
2314 -91
2315 -93
2316 -95
2317 -96
2318 -98
2319 -99
2320 -99
2321 -99
2322 -99
2323 -99
2324 -98
2325 -97
2326 -96
2327 -94
2328 -92
2329 -90
2330 -88
2331 -85
2332 -81
2333 -78
2334 -74
2335 -70
2336 -66
2337 -62
2338 -57
2339 -53
2340 -48
2341 -42
2342 -37
2343 -32
2344 -26
2345 -21
2346 -15
2347 -9
2348 -4
2349 1
2350 7
2351 13
2352 18
2353 24
2354 29
2355 35
2356 40
2357 45
2358 50
2359 55
2360 60
2361 64
2362 69
2363 73
2364 77
2365 80
2366 83
2367 86
2368 89
2369 91
2370 94
2371 95
2372 97
2373 98
2374 99
2375 99
2376 99
2377 99
2378 99
2379 98
2380 97
2381 95
2382 94
2383 92
2384 89
2385 86
2386 83
2387 80
2388 77
2389 73
2390 69
2391 65
2392 60
2393 56
2394 51
2395 46
2396 40
2397 35
2398 30
2399 24
2400 19
2401 13
2402 7
2403 1
2404 -3
2405 -9
2406 -15
2407 -20
2408 -26
2409 -32
2410 -37
2411 -42
2412 -47
2413 -52
2414 -57
2415 -62
2416 -66
2417 -70
2418 -74
2419 -78
2420 -81
2421 -84
2422 -87
2423 -90
2424 -92
2425 -94
2426 -96
2427 -97
2428 -98
2429 -99
2430 -99
2431 -99
2432 -99
2433 -99
2434 -98
2435 -96
2436 -95
2437 -93
2438 -91
2439 -88
2440 -85
2441 -82
2442 -79
2443 -75
2444 -71
2445 -67
2446 -63
2447 -58
2448 -54
2449 -49
2450 -44
2451 -38
2452 -33
2453 -28
2454 -22
2455 -16
2456 -11
2457 -5
2458 0
2459 5
2460 11
2461 17
2462 23
2463 28
2464 34
2465 39
2466 44
2467 49
2468 54
2469 59
2470 63
2471 68
2472 72
2473 76
2474 79
2475 83
2476 86
2477 88
2478 91
2479 93
2480 95
2481 97
2482 98
2483 99
2484 99
2485 99
2486 99
2487 99
2488 98
2489 97
2490 96
2491 94
2492 92
2493 90
2494 87
2495 84
2496 81
2497 78
2498 74
2499 70
2500 66
2501 61
2502 57
2503 52
2504 47
2505 42
2506 36
2507 31
2508 26
2509 20
2510 14
2511 9
2512 3
2513 -2
2514 -8
2515 -13
2516 -19
2517 -25
2518 -30
2519 -36
2520 -41
2521 -46
2522 -51
2523 -56
2524 -61
2525 -65
2526 -69
2527 -73
2528 -77
2529 -81
2530 -84
2531 -87
2532 -89
2533 -92
2534 -94
2535 -96
2536 -97
2537 -98
2538 -99
2539 -99
2540 -99
2541 -99
2542 -99
2543 -98
2544 -97
2545 -95
2546 -93
2547 -91
2548 -89
2549 -86
2550 -83
2551 -80
2552 -76
2553 -72
2554 -68
2555 -64
2556 -60
2557 -55
2558 -50
2559 -45
2560 -40
2561 -34
2562 -29
2563 -23
2564 -18
2565 -12
2566 -6
2567 -1
2568 4
2569 10
2570 16
2571 21
2572 27
2573 32
2574 38
2575 43
2576 48
2577 53
2578 58
2579 62
2580 67
2581 71
2582 75
2583 78
2584 82
2585 85
2586 88
2587 90
2588 93
2589 95
2590 96
2591 97
2592 98
2593 99
2594 99
2595 99
2596 99
2597 98
2598 97
2599 96
2600 95
2601 93
2602 90
2603 88
2604 85
2605 82
2606 78
2607 75
2608 71
2609 67
2610 62
2611 58
2612 53
2613 48
2614 43
2615 38
2616 32
2617 27
2618 21
2619 16
2620 10
2621 4
2622 -1
2623 -6
2624 -12
2625 -18
2626 -23
2627 -29
2628 -34
2629 -40
2630 -45
2631 -50
2632 -55
2633 -59
2634 -64
2635 -68
2636 -72
2637 -76
2638 -80
2639 -83
2640 -86
2641 -89
2642 -91
2643 -93
2644 -95
2645 -97
2646 -98
2647 -99
2648 -99
2649 -99
2650 -99
2651 -99
2652 -98
2653 -97
2654 -96
2655 -94
2656 -92
2657 -89
2658 -87
2659 -84
2660 -81
2661 -77
2662 -73
2663 -69
2664 -65
2665 -61
2666 -56
2667 -51
2668 -46
2669 -41
2670 -36
2671 -30
2672 -25
2673 -19
2674 -14
2675 -8
2676 -2
2677 3
2678 8
2679 14
2680 20
2681 25
2682 31
2683 36
2684 42
2685 47
2686 52
2687 57
2688 61
2689 66
2690 70
2691 74
2692 78
2693 81
2694 84
2695 87
2696 90
2697 92
2698 94
2699 96
2700 97
2701 98
2702 99
2703 99
2704 99
2705 99
2706 99
2707 98
2708 97
2709 95
2710 93
2711 91
2712 88
2713 86
2714 83
2715 79
2716 76
2717 72
2718 68
2719 63
2720 59
2721 54
2722 49
2723 44
2724 39
2725 34
2726 28
2727 23
2728 17
2729 11
2730 6
2731 0
2732 -5
2733 -11
2734 -16
2735 -22
2736 -28
2737 -33
2738 -38
2739 -44
2740 -49
2741 -54
2742 -58
2743 -63
2744 -67
2745 -71
2746 -75
2747 -79
2748 -82
2749 -85
2750 -88
2751 -91
2752 -93
2753 -95
2754 -96
2755 -98
2756 -99
2757 -99
2758 -99
2759 -99
2760 -99
2761 -98
2762 -97
2763 -96
2764 -94
2765 -92
2766 -90
2767 -87
2768 -85
2769 -81
2770 -78
2771 -74
2772 -70
2773 -66
2774 -62
2775 -57
2776 -52
2777 -47
2778 -42
2779 -37
2780 -32
2781 -26
2782 -21
2783 -15
2784 -9
2785 -3
2786 1
2787 7
2788 13
2789 18
2790 24
2791 30
2792 35
2793 40
2794 46
2795 51
2796 55
2797 60
2798 65
2799 69
2800 73
2801 77
2802 80
2803 83
2804 86
2805 89
2806 92
2807 94
2808 95
2809 97
2810 98
2811 99
2812 99
2813 99
2814 99
2815 99
2816 98
2817 97
2818 95
2819 94
2820 91
2821 89
2822 86
2823 83
2824 80
2825 77
2826 73
2827 69
2828 65
2829 60
2830 55
2831 51
2832 45
2833 40
2834 35
2835 30
2836 24
2837 18
2838 13
2839 7
2840 1
2841 -3
2842 -9
2843 -15
2844 -21
2845 -26
2846 -32
2847 -37
2848 -42
2849 -47
2850 -52
2851 -57
2852 -62
2853 -66
2854 -70
2855 -74
2856 -78
2857 -81
2858 -85
2859 -87
2860 -90
2861 -92
2862 -94
2863 -96
2864 -97
2865 -98
2866 -99
2867 -99
2868 -99
2869 -99
2870 -99
2871 -98
2872 -96
2873 -95
2874 -93
2875 -91
2876 -88
2877 -85
2878 -82
2879 -79
2880 -75
2881 -71
2882 -67
2883 -63
2884 -58
2885 -54
2886 -49
2887 -44
2888 -38
2889 -33
2890 -27
2891 -22
2892 -16
2893 -11
2894 -5
2895 0
2896 6
2897 11
2898 17
2899 23
2900 28
2901 34
2902 39
2903 44
2904 49
2905 54
2906 59
2907 63
2908 68
2909 72
2910 76
2911 79
2912 83
2913 86
2914 88
2915 91
2916 93
2917 95
2918 97
2919 98
2920 99
2921 99
2922 99
2923 99
2924 99
2925 98
2926 97
2927 96
2928 94
2929 92
2930 90
2931 87
2932 84
2933 81
2934 77
2935 74
2936 70
2937 66
2938 61
2939 57
2940 52
2941 47
2942 42
2943 36
2944 31
2945 25
2946 20
2947 14
2948 8
2949 3
2950 -2
2951 -8
2952 -14
2953 -19
2954 -25
2955 -30
2956 -36
2957 -41
2958 -46
2959 -51
2960 -56
2961 -61
2962 -65
2963 -69
2964 -73
2965 -77
2966 -81
2967 -84
2968 -87
2969 -89
2970 -92
2971 -94
2972 -96
2973 -97
2974 -98
2975 -99
2976 -99
2977 -99
2978 -99
2979 -99
2980 -98
2981 -97
2982 -95
2983 -93
2984 -91
2985 -89
2986 -86
2987 -83
2988 -80
2989 -76
2990 -72
2991 -68
2992 -64
2993 -59
2994 -55
2995 -50
2996 -45
2997 -40
2998 -34
2999 -29
3000 -23
3001 -18
3002 -12
3003 -6
3004 0
3005 4
3006 10
3007 16
3008 21
3009 27
3010 32
3011 38
3012 43
3013 48
3014 53
3015 58
3016 62
3017 67
3018 71
3019 75
3020 78
3021 82
3022 85
3023 88
3024 90
3025 93
3026 95
3027 96
3028 98
3029 98
3030 99
3031 99
3032 99
3033 99
3034 98
3035 97
3036 96
3037 95
3038 93
3039 90
3040 88
3041 85
3042 82
3043 78
3044 75
3045 71
3046 67
3047 62
3048 58
3049 53
3050 48
3051 43
3052 38
3053 32
3054 27
3055 21
3056 15
3057 10
3058 4
3059 -1
3060 -6
3061 -12
3062 -18
3063 -23
3064 -29
3065 -34
3066 -40
3067 -45
3068 -50
3069 -55
3070 -60
3071 -64
3072 -68
3073 -72
3074 -76
3075 -80
3076 -83
3077 -86
3078 -89
3079 -91
3080 -93
3081 -95
3082 -97
3083 -98
3084 -99
3085 -99
3086 -99
3087 -99
3088 -99
3089 -98
3090 -97
3091 -96
3092 -94
3093 -92
3094 -89
3095 -87
3096 -84
3097 -80
3098 -77
3099 -73
3100 -69
3101 -65
3102 -61
3103 -56
3104 -51
3105 -46
3106 -41
3107 -36
3108 -30
3109 -25
3110 -19
3111 -13
3112 -8
3113 -2
3114 3
3115 9
3116 14
3117 20
3118 26
3119 31
3120 36
3121 42
3122 47
3123 52
3124 57
3125 61
3126 66
3127 70
3128 74
3129 78
3130 81
3131 84
3132 87
3133 90
3134 92
3135 94
3136 96
3137 97
3138 98
3139 99
3140 99
3141 99
3142 99
3143 99
3144 98
3145 96
3146 95
3147 93
3148 91
3149 88
3150 86
3151 83
3152 79
3153 76
3154 72
3155 68
3156 63
3157 59
3158 54
3159 49
3160 44
3161 39
3162 34
3163 28
3164 22
3165 17
3166 11
3167 5
3168 0
3169 -5
3170 -11
3171 -16
3172 -22
3173 -28
3174 -33
3175 -38
3176 -44
3177 -49
3178 -54
3179 -58
3180 -63
3181 -67
3182 -71
3183 -75
3184 -79
3185 -82
3186 -85
3187 -88
3188 -91
3189 -93
3190 -95
3191 -96
3192 -98
3193 -99
3194 -99
3195 -99
3196 -99
3197 -99
3198 -98
3199 -97
3200 -96
3201 -94
3202 -92
3203 -90
3204 -87
3205 -84
3206 -81
3207 -78
3208 -74
3209 -70
3210 -66
3211 -62
3212 -57
3213 -52
3214 -47
3215 -42
3216 -37
3217 -31
3218 -26
3219 -20
3220 -15
3221 -9
3222 -3
3223 1
3224 7
3225 13
3226 19
3227 24
3228 30
3229 35
3230 40
3231 46
3232 51
3233 56
3234 60
3235 65
3236 69
3237 73
3238 77
3239 80
3240 84
3241 86
3242 89
3243 92
3244 94
3245 95
3246 97
3247 98
3248 99
3249 99
3250 99
3251 99
3252 99
3253 98
3254 97
3255 95
3256 94
3257 91
3258 89
3259 86
3260 83
3261 80
3262 76
3263 73
3264 69
3265 64
3266 60
3267 55
3268 50
3269 45
3270 40
3271 35
3272 29
3273 24
3274 18
3275 13
3276 7
3277 1
3278 -4
3279 -9
3280 -15
3281 -21
3282 -26
3283 -32
3284 -37
3285 -42
3286 -48
3287 -53
3288 -57
3289 -62
3290 -66
3291 -70
3292 -74
3293 -78
3294 -82
3295 -85
3296 -88
3297 -90
3298 -92
3299 -94
3300 -96
3301 -97
3302 -98
3303 -99
3304 -99
3305 -99
3306 -99
3307 -99
3308 -98
3309 -96
3310 -95
3311 -93
3312 -91
3313 -88
3314 -85
3315 -82
3316 -79
3317 -75
3318 -71
3319 -67
3320 -63
3321 -58
3322 -53
3323 -48
3324 -43
3325 -38
3326 -33
3327 -27
3328 -22
3329 -16
3330 -10
3331 -5
3332 0
3333 6
3334 12
3335 17
3336 23
3337 28
3338 34
3339 39
3340 44
3341 49
3342 54
3343 59
3344 64
3345 68
3346 72
3347 76
3348 79
3349 83
3350 86
3351 89
3352 91
3353 93
3354 95
3355 97
3356 98
3357 99
3358 99
3359 99
3360 99
3361 99
3362 98
3363 97
3364 96
3365 94
3366 92
3367 90
3368 87
3369 84
3370 81
3371 77
3372 74
3373 70
3374 65
3375 61
3376 56
3377 52
3378 47
3379 41
3380 36
3381 31
3382 25
3383 20
3384 14
3385 8
3386 2
3387 -2
3388 -8
3389 -14
3390 -19
3391 -25
3392 -31
3393 -36
3394 -41
3395 -46
3396 -51
3397 -56
3398 -61
3399 -65
3400 -69
3401 -73
3402 -77
3403 -81
3404 -84
3405 -87
3406 -90
3407 -92
3408 -94
3409 -96
3410 -97
3411 -98
3412 -99
3413 -99
3414 -99
3415 -99
3416 -99
3417 -98
3418 -97
3419 -95
3420 -93
3421 -91
3422 -89
3423 -86
3424 -83
3425 -80
3426 -76
3427 -72
3428 -68
3429 -64
3430 -59
3431 -55
3432 -50
3433 -45
3434 -39
3435 -34
3436 -29
3437 -23
3438 -17
3439 -12
3440 -6
3441 0
3442 4
3443 10
3444 16
3445 22
3446 27
3447 33
3448 38
3449 43
3450 48
3451 53
3452 58
3453 63
3454 67
3455 71
3456 75
3457 79
3458 82
3459 85
3460 88
3461 90
3462 93
3463 95
3464 96
3465 98
3466 99
3467 99
3468 99
3469 99
3470 99
3471 98
3472 97
3473 96
3474 94
3475 92
3476 90
3477 88
3478 85
3479 82
3480 78
3481 75
3482 71
3483 66
3484 62
3485 58
3486 53
3487 48
3488 43
3489 37
3490 32
3491 27
3492 21
3493 15
3494 10
3495 4
3496 -1
3497 -7
3498 -12
3499 -18
3500 -24
3501 -29
3502 -35
3503 -40
3504 -45
3505 -50
3506 -55
3507 -60
3508 -64
3509 -68
3510 -73
3511 -76
3512 -80
3513 -83
3514 -86
3515 -89
3516 -91
3517 -93
3518 -95
3519 -97
3520 -98
3521 -99
3522 -99
3523 -99
3524 -99
3525 -99
3526 -98
3527 -97
3528 -96
3529 -94
3530 -92
3531 -89
3532 -87
3533 -84
3534 -80
3535 -77
3536 -73
3537 -69
3538 -65
3539 -60
3540 -56
3541 -51
3542 -46
3543 -41
3544 -35
3545 -30
3546 -24
3547 -19
3548 -13
3549 -7
3550 -2
3551 3
3552 9
3553 14
3554 20
3555 26
3556 31
3557 37
3558 42
3559 47
3560 52
3561 57
3562 61
3563 66
3564 70
3565 74
3566 78
3567 81
3568 84
3569 87
3570 90
3571 92
3572 94
3573 96
3574 97
3575 98
3576 99
3577 99
3578 99
3579 99
3580 99
3581 98
3582 96
3583 95
3584 93
3585 91
3586 88
3587 86
3588 82
3589 79
3590 75
3591 72
3592 68
3593 63
3594 59
3595 54
3596 49
3597 44
3598 39
3599 33
3600 28
3601 22
3602 17
3603 11
3604 5
3605 0
3606 -5
3607 -11
3608 -17
3609 -22
3610 -28
3611 -33
3612 -39
3613 -44
3614 -49
3615 -54
3616 -59
3617 -63
3618 -67
3619 -72
3620 -75
3621 -79
3622 -82
3623 -85
3624 -88
3625 -91
3626 -93
3627 -95
3628 -96
3629 -98
3630 -99
3631 -99
3632 -99
3633 -99
3634 -99
3635 -98
3636 -97
3637 -96
3638 -94
3639 -92
3640 -90
3641 -87
3642 -84
3643 -81
3644 -78
3645 -74
3646 -70
3647 -66
3648 -61
3649 -57
3650 -52
3651 -47
3652 -42
3653 -37
3654 -31
3655 -26
3656 -20
3657 -15
3658 -9
3659 -3
3660 2
3661 7
3662 13
3663 19
3664 24
3665 30
3666 35
3667 41
3668 46
3669 51
3670 56
3671 60
3672 65
3673 69
3674 73
3675 77
3676 80
3677 84
3678 87
3679 89
3680 92
3681 94
3682 95
3683 97
3684 98
3685 99
3686 99
3687 99
3688 99
3689 99
3690 98
3691 97
3692 95
3693 93
3694 91
3695 89
3696 86
3697 83
3698 80
3699 76
3700 73
3701 69
3702 64
3703 60
3704 55
3705 50
3706 45
3707 40
3708 35
3709 29
3710 24
3711 18
3712 12
3713 7
3714 1
3715 -4
3716 -10
3717 -15
3718 -21
3719 -26
3720 -32
3721 -37
3722 -43
3723 -48
3724 -53
3725 -57
3726 -62
3727 -66
3728 -71
3729 -75
3730 -78
3731 -82
3732 -85
3733 -88
3734 -90
3735 -92
3736 -94
3737 -96
3738 -97
3739 -98
3740 -99
3741 -99
3742 -99
3743 -99
3744 -99
3745 -98
3746 -96
3747 -95
3748 -93
3749 -90
3750 -88
3751 -85
3752 -82
3753 -79
3754 -75
3755 -71
3756 -67
3757 -63
3758 -58
3759 -53
3760 -48
3761 -43
3762 -38
3763 -33
3764 -27
3765 -22
3766 -16
3767 -10
3768 -4
3769 0
3770 6
3771 12
3772 17
3773 23
3774 29
3775 34
3776 39
3777 45
3778 50
3779 55
3780 59
3781 64
3782 68
3783 72
3784 76
3785 80
3786 83
3787 86
3788 89
3789 91
3790 93
3791 95
3792 97
3793 98
3794 99
3795 99
3796 99
3797 99
3798 99
3799 98
3800 97
3801 96
3802 94
3803 92
3804 90
3805 87
3806 84
3807 81
3808 77
3809 74
3810 70
3811 65
3812 61
3813 56
3814 51
3815 46
3816 41
3817 36
3818 31
3819 25
3820 19
3821 14
3822 8
3823 2
3824 -2
3825 -8
3826 -14
3827 -20
3828 -25
3829 -31
3830 -36
3831 -41
3832 -47
3833 -52
3834 -56
3835 -61
3836 -65
3837 -70
3838 -74
3839 -77
3840 -81
3841 -84
3842 -87
3843 -90
3844 -92
3845 -94
3846 -96
3847 -97
3848 -98
3849 -99
3850 -99
3851 -99
3852 -99
3853 -99
3854 -98
3855 -97
3856 -95
3857 -93
3858 -91
3859 -89
3860 -86
3861 -83
3862 -79
3863 -76
3864 -72
3865 -68
3866 -64
3867 -59
3868 -54
3869 -50
3870 -44
3871 -39
3872 -34
3873 -28
3874 -23
3875 -17
3876 -12
3877 -6
3878 0
3879 5
3880 10
3881 16
3882 22
3883 27
3884 33
3885 38
3886 43
3887 48
3888 53
3889 58
3890 63
3891 67
3892 71
3893 75
3894 79
3895 82
3896 85
3897 88
3898 91
3899 93
3900 95
3901 96
3902 98
3903 99
3904 99
3905 99
3906 99
3907 99
3908 98
3909 97
3910 96
3911 94
3912 92
3913 90
3914 88
3915 85
3916 82
3917 78
3918 74
3919 71
3920 66
3921 62
3922 57
3923 53
3924 48
3925 43
3926 37
3927 32
3928 26
3929 21
3930 15
3931 9
3932 4
3933 -1
3934 -7
3935 -13
3936 -18
3937 -24
3938 -29
3939 -35
3940 -40
3941 -45
3942 -50
3943 -55
3944 -60
3945 -64
3946 -69
3947 -73
3948 -76
3949 -80
3950 -83
3951 -86
3952 -89
3953 -91
3954 -94
3955 -95
3956 -97
3957 -98
3958 -99
3959 -99
3960 -99
3961 -99
3962 -99
3963 -98
3964 -97
3965 -95
3966 -94
3967 -92
3968 -89
3969 -87
3970 -84
3971 -80
3972 -77
3973 -73
3974 -69
3975 -65
3976 -60
3977 -56
3978 -51
3979 -46
3980 -41
3981 -35
3982 -30
3983 -24
3984 -19
3985 -13
3986 -7
3987 -2
3988 3
3989 9
3990 15
3991 20
3992 26
3993 31
3994 37
3995 42
3996 47
3997 52
3998 57
3999 62
4000 66
4001 70
4002 74
4003 78
4004 81
4005 84
4006 87
4007 90
4008 92
4009 94
4010 96
4011 97
4012 98
4013 99
4014 99
4015 99
4016 99
4017 99
4018 98
4019 96
4020 95
4021 93
4022 91
4023 88
4024 85
4025 82
4026 79
4027 75
4028 72
4029 67
4030 63
4031 59
4032 54
4033 49
4034 44
4035 39
4036 33
4037 28
4038 22
4039 17
4040 11
4041 5
4042 0
4043 -5
4044 -11
4045 -17
4046 -22
4047 -28
4048 -33
4049 -39
4050 -44
4051 -49
4052 -54
4053 -59
4054 -63
4055 -68
4056 -72
4057 -76
4058 -79
4059 -83
4060 -86
4061 -88
4062 -91
4063 -93
4064 -95
4065 -96
4066 -98
4067 -99
4068 -99
4069 -99
4070 -99
4071 -99
4072 -98
4073 -97
4074 -96
4075 -94
4076 -92
4077 -90
4078 -87
4079 -84
4080 -81
4081 -78
4082 -74
4083 -70
4084 -66
4085 -61
4086 -57
4087 -52
4088 -47
4089 -42
4090 -37
4091 -31
4092 -26
4093 -20
4094 -14
4095 -9
4096 -3
4097 2
4098 8
4099 13
4100 19
4101 25
4102 30
4103 36
4104 41
4105 46
4106 51
4107 56
4108 60
4109 65
4110 69
4111 73
4112 77
4113 80
4114 84
4115 87
4116 89
4117 92
4118 94
4119 96
4120 97
4121 98
4122 99
4123 99
4124 99
4125 99
4126 99
4127 98
4128 97
4129 95
4130 93
4131 91
4132 89
4133 86
4134 83
4135 80
4136 76
4137 72
4138 68
4139 64
4140 60
4141 55
4142 50
4143 45
4144 40
4145 35
4146 29
4147 24
4148 18
4149 12
4150 6
4151 1
4152 -4
4153 -10
4154 -15
4155 -21
4156 -27
4157 -32
4158 -38
4159 -43
4160 -48
4161 -53
4162 -58
4163 -62
4164 -67
4165 -71
4166 -75
4167 -78
4168 -82
4169 -85
4170 -88
4171 -90
4172 -93
4173 -94
4174 -96
4175 -97
4176 -98
4177 -99
4178 -99
4179 -99
4180 -99
4181 -98
4182 -98
4183 -96
4184 -95
4185 -93
4186 -90
4187 -88
4188 -85
4189 -82
4190 -79
4191 -75
4192 -71
4193 -67
4194 -62
4195 -58
4196 -53
4197 -48
4198 -43
4199 -38
4200 -32
4201 -27
4202 -21
4203 -16
4204 -10
4205 -4
4206 0
4207 6
4208 12
4209 18
4210 23
4211 29
4212 34
4213 40
4214 45
4215 50
4216 55
4217 59
4218 64
4219 68
4220 72
4221 76
4222 80
4223 83
4224 86
4225 89
4226 91
4227 93
4228 95
4229 97
4230 98
4231 99
4232 99
4233 99
4234 99
4235 99
4236 98
4237 97
4238 96
4239 94
4240 92
4241 89
4242 87
4243 84
4244 81
4245 77
4246 73
4247 69
4248 65
4249 61
4250 56
4251 51
4252 46
4253 41
4254 36
4255 30
4256 25
4257 19
4258 14
4259 8
4260 2
4261 -3
4262 -8
4263 -14
4264 -20
4265 -25
4266 -31
4267 -36
4268 -42
4269 -47
4270 -52
4271 -56
4272 -61
4273 -66
4274 -70
4275 -74
4276 -77
4277 -81
4278 -84
4279 -87
4280 -90
4281 -92
4282 -94
4283 -96
4284 -97
4285 -98
4286 -99
4287 -99
4288 -99
4289 -99
4290 -99
4291 -98
4292 -97
4293 -95
4294 -93
4295 -91
4296 -89
4297 -86
4298 -83
4299 -79
4300 -76
4301 -72
4302 -68
4303 -64
4304 -59
4305 -54
4306 -49
4307 -44
4308 -39
4309 -34
4310 -28
4311 -23
4312 -17
4313 -11
4314 -6
4315 0
4316 5
4317 11
4318 16
4319 22
4320 27
4321 33
4322 38
4323 43
4324 49
4325 54
4326 58
4327 63
4328 67
4329 71
4330 75
4331 79
4332 82
4333 85
4334 88
4335 91
4336 93
4337 95
4338 96
4339 98
4340 99
4341 99
4342 99
4343 99
4344 99
4345 98
4346 97
4347 96
4348 94
4349 92
4350 90
4351 87
4352 85
4353 81
4354 78
4355 74
4356 70
4357 66
4358 62
4359 57
4360 52
4361 47
4362 42
4363 37
4364 32
4365 26
4366 21
4367 15
4368 9
4369 4
4370 -1
4371 -7
4372 -13
4373 -18
4374 -24
4375 -29
4376 -35
4377 -40
4378 -45
4379 -50
4380 -55
4381 -60
4382 -64
4383 -69
4384 -73
4385 -77
4386 -80
4387 -83
4388 -86
4389 -89
4390 -91
4391 -94
4392 -95
4393 -97
4394 -98
4395 -99
4396 -99
4397 -99
4398 -99
4399 -99
4400 -98
4401 -97
4402 -95
4403 -94
4404 -92
4405 -89
4406 -86
4407 -83
4408 -80
4409 -77
4410 -73
4411 -69
4412 -65
4413 -60
4414 -55
4415 -51
4416 -46
4417 -40
4418 -35
4419 -30
4420 -24
4421 -19
4422 -13
4423 -7
4424 -1
4425 3
4426 9
4427 15
4428 20
4429 26
4430 32
4431 37
4432 42
4433 47
4434 52
4435 57
4436 62
4437 66
4438 70
4439 74
4440 78
4441 81
4442 85
4443 87
4444 90
4445 92
4446 94
4447 96
4448 97
4449 98
4450 99
4451 99
4452 99
4453 99
4454 99
4455 98
4456 96
4457 95
4458 93
4459 91
4460 88
4461 85
4462 82
4463 79
4464 75
4465 71
4466 67
4467 63
4468 58
4469 54
4470 49
4471 44
4472 38
4473 33
4474 28
4475 22
4476 16
4477 11
4478 5
4479 0
4480 -6
4481 -11
4482 -17
4483 -23
4484 -28
4485 -34
4486 -39
4487 -44
4488 -49
4489 -54
4490 -59
4491 -63
4492 -68
4493 -72
4494 -76
4495 -79
4496 -83
4497 -86
4498 -88
4499 -91
4500 -93
4501 -95
4502 -97
4503 -98
4504 -99
4505 -99
4506 -99
4507 -99
4508 -99
4509 -98
4510 -97
4511 -96
4512 -94
4513 -92
4514 -90
4515 -87
4516 -84
4517 -81
4518 -78
4519 -74
4520 -70
4521 -66
4522 -61
4523 -57
4524 -52
4525 -47
4526 -42
4527 -36
4528 -31
4529 -25
4530 -20
4531 -14
4532 -9
4533 -3
4534 2
4535 8
4536 13
4537 19
4538 25
4539 30
4540 36
4541 41
4542 46
4543 51
4544 56
4545 61
4546 65
4547 69
4548 73
4549 77
4550 81
4551 84
4552 87
4553 89
4554 92
4555 94
4556 96
4557 97
4558 98
4559 99
4560 99
4561 99
4562 99
4563 99
4564 98
4565 97
4566 95
4567 93
4568 91
4569 89
4570 86
4571 83
4572 80
4573 76
4574 72
4575 68
4576 64
4577 59
4578 55
4579 50
4580 45
4581 40
4582 34
4583 29
4584 23
4585 18
4586 12
4587 6
4588 1
4589 -4
4590 -10
4591 -16
4592 -21
4593 -27
4594 -32
4595 -38
4596 -43
4597 -48
4598 -53
4599 -58
4600 -62
4601 -67
4602 -71
4603 -75
4604 -78
4605 -82
4606 -85
4607 -88
4608 -90
4609 -93
4610 -95
4611 -96
4612 -97
4613 -98
4614 -99
4615 -99
4616 -99
4617 -99
4618 -98
4619 -97
4620 -96
4621 -95
4622 -93
4623 -90
4624 -88
4625 -85
4626 -82
4627 -78
4628 -75
4629 -71
4630 -67
4631 -62
4632 -58
4633 -53
4634 -48
4635 -43
4636 -38
4637 -32
4638 -27
4639 -21
4640 -16
4641 -10
4642 -4
4643 1
4644 6
4645 12
4646 18
4647 23
4648 29
4649 34
4650 40
4651 45
4652 50
4653 55
4654 60
4655 64
4656 68
4657 72
4658 76
4659 80
4660 83
4661 86
4662 89
4663 91
4664 93
4665 95
4666 97
4667 98
4668 99
4669 99
4670 99
4671 99
4672 99
4673 98
4674 97
4675 96
4676 94
4677 92
4678 89
4679 87
4680 84
4681 81
4682 77
4683 73
4684 69
4685 65
4686 61
4687 56
4688 51
4689 46
4690 41
4691 36
4692 30
4693 25
4694 19
4695 13
4696 8
4697 2
4698 -3
4699 -9
4700 -14
4701 -20
4702 -25
4703 -31
4704 -36
4705 -42
4706 -47
4707 -52
4708 -57
4709 -61
4710 -66
4711 -70
4712 -74
4713 -78
4714 -81
4715 -84
4716 -87
4717 -90
4718 -92
4719 -94
4720 -96
4721 -97
4722 -98
4723 -99
4724 -99
4725 -99
4726 -99
4727 -99
4728 -98
4729 -97
4730 -95
4731 -93
4732 -91
4733 -88
4734 -86
4735 -83
4736 -79
4737 -76
4738 -72
4739 -68
4740 -63
4741 -59
4742 -54
4743 -49
4744 -44
4745 -39
4746 -34
4747 -28
4748 -23
4749 -17
4750 -11
4751 -6
4752 0
4753 5
4754 11
4755 16
4756 22
4757 28
4758 33
4759 38
4760 44
4761 49
4762 54
4763 58
4764 63
4765 67
4766 71
4767 75
4768 79
4769 82
4770 85
4771 88
4772 91
4773 93
4774 95
4775 96
4776 98
4777 99
4778 99
4779 99
4780 99
4781 99
4782 98
4783 97
4784 96
4785 94
4786 92
4787 90
4788 87
4789 85
4790 81
4791 78
4792 74
4793 70
4794 66
4795 62
4796 57
4797 52
4798 47
4799 42
4800 37
4801 32
4802 26
4803 20
4804 15
4805 9
4806 3
4807 -1
4808 -7
4809 -13
4810 -19
4811 -24
4812 -30
4813 -35
4814 -40
4815 -46
4816 -51
4817 -55
4818 -60
4819 -65
4820 -69
4821 -73
4822 -77
4823 -80
4824 -83
4825 -86
4826 -89
4827 -92
4828 -94
4829 -95
4830 -97
4831 -98
4832 -99
4833 -99
4834 -99
4835 -99
4836 -99
4837 -98
4838 -97
4839 -95
4840 -94
4841 -91
4842 -89
4843 -86
4844 -83
4845 -80
4846 -77
4847 -73
4848 -69
4849 -64
4850 -60
4851 -55
4852 -50
4853 -45
4854 -40
4855 -35
4856 -29
4857 -24
4858 -18
4859 -13
4860 -7
4861 -1
4862 4
4863 9
4864 15
4865 21
4866 26
4867 32
4868 37
4869 42
4870 48
4871 52
4872 57
4873 62
4874 66
4875 70
4876 74
4877 78
4878 81
4879 85
4880 87
4881 90
4882 92
4883 94
4884 96
4885 97
4886 98
4887 99
4888 99
4889 99
4890 99
4891 99
4892 98
4893 96
4894 95
4895 93
4896 91
4897 88
4898 85
4899 82
4900 79
4901 75
4902 71
4903 67
4904 63
4905 58
4906 53
4907 49
4908 43
4909 38
4910 33
4911 27
4912 22
4913 16
4914 10
4915 5
4916 0
4917 -6
4918 -11
4919 -17
4920 -23
4921 -28
4922 -34
4923 -39
4924 -44
4925 -49
4926 -54
4927 -59
4928 -64
4929 -68
4930 -72
4931 -76
4932 -79
4933 -83
4934 -86
4935 -89
4936 -91
4937 -93
4938 -95
4939 -97
4940 -98
4941 -99
4942 -99
4943 -99
4944 -99
4945 -99
4946 -98
4947 -97
4948 -96
4949 -94
4950 -92
4951 -90
4952 -87
4953 -84
4954 -81
4955 -77
4956 -74
4957 -70
4958 -66
4959 -61
4960 -56
4961 -52
4962 -47
4963 -42
4964 -36
4965 -31
4966 -25
4967 -20
4968 -14
4969 -8
4970 -3
4971 2
4972 8
4973 14
4974 19
4975 25
4976 30
4977 36
4978 41
4979 46
4980 51
4981 56
4982 61
4983 65
4984 69
4985 73
4986 77
4987 81
4988 84
4989 87
4990 89
4991 92
4992 94
4993 96
4994 97
4995 98
4996 99
4997 99
4998 99
4999 99
5000 99
5001 98
5002 97
5003 95
5004 93
5005 91
5006 89
5007 86
5008 83
5009 80
5010 76
5011 72
5012 68
5013 64
5014 59
5015 55
5016 50
5017 45
5018 40
5019 34
5020 29
5021 23
5022 18
5023 12
5024 6
5025 0
5026 -4
5027 -10
5028 -16
5029 -21
5030 -27
5031 -32
5032 -38
5033 -43
5034 -48
5035 -53
5036 -58
5037 -62
5038 -67
5039 -71
5040 -75
5041 -79
5042 -82
5043 -85
5044 -88
5045 -90
5046 -93
5047 -95
5048 -96
5049 -98
5050 -98
5051 -99
5052 -99
5053 -99
5054 -99
5055 -98
5056 -97
5057 -96
5058 -94
5059 -93
5060 -90
5061 -88
5062 -85
5063 -82
5064 -78
5065 -75
5066 -71
5067 -67
5068 -62
5069 -58
5070 -53
5071 -48
5072 -43
5073 -38
5074 -32
5075 -27
5076 -21
5077 -15
5078 -10
5079 -4
5080 1
5081 7
5082 12
5083 18
5084 24
5085 29
5086 35
5087 40
5088 45
5089 50
5090 55
5091 60
5092 64
5093 68
5094 72
5095 76
5096 80
5097 83
5098 86
5099 89
5100 91
5101 93
5102 95
5103 97
5104 98
5105 99
5106 99
5107 99
5108 99
5109 99
5110 98
5111 97
5112 96
5113 94
5114 92
5115 89
5116 87
5117 84
5118 80
5119 77
5120 73
5121 69
5122 65
5123 60
5124 56
5125 51
5126 46
5127 41
5128 35
5129 30
5130 25
5131 19
5132 13
5133 8
5134 2
5135 -3
5136 -9
5137 -14
5138 -20
5139 -26
5140 -31
5141 -37
5142 -42
5143 -47
5144 -52
5145 -57
5146 -61
5147 -66
5148 -70
5149 -74
5150 -78
5151 -81
5152 -84
5153 -87
5154 -90
5155 -92
5156 -94
5157 -96
5158 -97
5159 -98
5160 -99
5161 -99
5162 -99
5163 -99
5164 -99
5165 -98
5166 -96
5167 -95
5168 -93
5169 -91
5170 -88
5171 -86
5172 -82
5173 -79
5174 -76
5175 -72
5176 -68
5177 -63
5178 -59
5179 -54
5180 -49
5181 -44
5182 -39
5183 -33
5184 -28
5185 -22
5186 -17
5187 -11
5188 -5
5189 0
5190 5
5191 11
5192 17
5193 22
5194 28
5195 33
5196 39
5197 44
5198 49
5199 54
5200 59
5201 63
5202 67
5203 72
5204 75
5205 79
5206 82
5207 85
5208 88
5209 91
5210 93
5211 95
5212 96
5213 98
5214 99
5215 99
5216 99
5217 99
5218 99
5219 98
5220 97
5221 96
5222 94
5223 92
5224 90
5225 87
5226 84
5227 81
5228 78
5229 74
5230 70
5231 66
5232 62
5233 57
5234 52
5235 47
5236 42
5237 37
5238 31
5239 26
5240 20
5241 15
5242 9
5243 3
5244 -2
5245 -7
5246 -13
5247 -19
5248 -24
5249 -30
5250 -35
5251 -41
5252 -46
5253 -51
5254 -56
5255 -60
5256 -65
5257 -69
5258 -73
5259 -77
5260 -80
5261 -84
5262 -87
5263 -89
5264 -92
5265 -94
5266 -95
5267 -97
5268 -98
5269 -99
5270 -99
5271 -99
5272 -99
5273 -99
5274 -98
5275 -97
5276 -95
5277 -94
5278 -91
5279 -89
5280 -86
5281 -83
5282 -80
5283 -76
5284 -73
5285 -69
5286 -64
5287 -60
5288 -55
5289 -50
5290 -45
5291 -40
5292 -35
5293 -29
5294 -24
5295 -18
5296 -12
5297 -7
5298 -1
5299 4
5300 9
5301 15
5302 21
5303 26
5304 32
5305 37
5306 43
5307 48
5308 53
5309 57
5310 62
5311 66
5312 71
5313 74
5314 78
5315 82
5316 85
5317 88
5318 90
5319 92
5320 94
5321 96
5322 97
5323 98
5324 99
5325 99
5326 99
5327 99
5328 99
5329 98
5330 96
5331 95
5332 93
5333 91
5334 88
5335 85
5336 82
5337 79
5338 75
5339 71
5340 67
5341 63
5342 58
5343 53
5344 48
5345 43
5346 38
5347 33
5348 27
5349 22
5350 16
5351 10
5352 5
5353 0
5354 -6
5355 -12
5356 -17
5357 -23
5358 -28
5359 -34
5360 -39
5361 -44
5362 -50
5363 -54
5364 -59
5365 -64
5366 -68
5367 -72
5368 -76
5369 -79
5370 -83
5371 -86
5372 -89
5373 -91
5374 -93
5375 -95
5376 -97
5377 -98
5378 -99
5379 -99
5380 -99
5381 -99
5382 -99
5383 -98
5384 -97
5385 -96
5386 -94
5387 -92
5388 -90
5389 -87
5390 -84
5391 -81
5392 -77
5393 -74
5394 -70
5395 -65
5396 -61
5397 -56
5398 -51
5399 -47
5400 -41
5401 -36
5402 -31
5403 -25
5404 -20
5405 -14
5406 -8
5407 -2
5408 2
5409 8
5410 14
5411 19
5412 25
5413 31
5414 36
5415 41
5416 46
5417 51
5418 56
5419 61
5420 65
5421 70
5422 74
5423 77
5424 81
5425 84
5426 87
5427 90
5428 92
5429 94
5430 96
5431 97
5432 98
5433 99
5434 99
5435 99
5436 99
5437 99
5438 98
5439 97
5440 95
5441 93
5442 91
5443 89
5444 86
5445 83
5446 80
5447 76
5448 72
5449 68
5450 64
5451 59
5452 55
5453 50
5454 45
5455 39
5456 34
5457 29
5458 23
5459 17
5460 12
5461 6
5462 0
5463 -5
5464 -10
5465 -16
5466 -22
5467 -27
5468 -33
5469 -38
5470 -43
5471 -48
5472 -53
5473 -58
5474 -63
5475 -67
5476 -71
5477 -75
5478 -79
5479 -82
5480 -85
5481 -88
5482 -90
5483 -93
5484 -95
5485 -96
5486 -98
5487 -99
5488 -99
5489 -99
5490 -99
5491 -99
5492 -98
5493 -97
5494 -96
5495 -94
5496 -92
5497 -90
5498 -88
5499 -85
5500 -82
5501 -78
5502 -75
5503 -71
5504 -66
5505 -62
5506 -57
5507 -53
5508 -48
5509 -43
5510 -37
5511 -32
5512 -26
5513 -21
5514 -15
5515 -10
5516 -4
5517 1
5518 7
5519 12
5520 18
5521 24
5522 29
5523 35
5524 40
5525 45
5526 50
5527 55
5528 60
5529 64
5530 69
5531 73
5532 76
5533 80
5534 83
5535 86
5536 89
5537 91
5538 93
5539 95
5540 97
5541 98
5542 99
5543 99
5544 99
5545 99
5546 99
5547 98
5548 97
5549 95
5550 94
5551 92
5552 89
5553 87
5554 84
5555 80
5556 77
5557 73
5558 69
5559 65
5560 60
5561 56
5562 51
5563 46
5564 41
5565 35
5566 30
5567 24
5568 19
5569 13
5570 7
5571 2
5572 -3
5573 -9
5574 -15
5575 -20
5576 -26
5577 -31
5578 -37
5579 -42
5580 -47
5581 -52
5582 -57
5583 -62
5584 -66
5585 -70
5586 -74
5587 -78
5588 -81
5589 -84
5590 -87
5591 -90
5592 -92
5593 -94
5594 -96
5595 -97
5596 -98
5597 -99
5598 -99
5599 -99
5600 -99
5601 -99
5602 -98
5603 -96
5604 -95
5605 -93
5606 -91
5607 -88
5608 -85
5609 -82
5610 -79
5611 -75
5612 -72
5613 -67
5614 -63
5615 -59
5616 -54
5617 -49
5618 -44
5619 -39
5620 -33
5621 -28
5622 -22
5623 -17
5624 -11
5625 -5
5626 0
5627 5
5628 11
5629 17
5630 22
5631 28
5632 33
5633 39
5634 44
5635 49
5636 54
5637 59
5638 63
5639 68
5640 72
5641 75
5642 79
5643 82
5644 86
5645 88
5646 91
5647 93
5648 95
5649 96
5650 98
5651 99
5652 99
5653 99
5654 99
5655 99
5656 98
5657 97
5658 96
5659 94
5660 92
5661 90
5662 87
5663 84
5664 81
5665 78
5666 74
5667 70
5668 66
5669 61
5670 57
5671 52
5672 47
5673 42
5674 37
5675 31
5676 26
5677 20
5678 14
5679 9
5680 3
5681 -2
5682 -7
5683 -13
5684 -19
5685 -24
5686 -30
5687 -35
5688 -41
5689 -46
5690 -51
5691 -56
5692 -60
5693 -65
5694 -69
5695 -73
5696 -77
5697 -80
5698 -84
5699 -87
5700 -89
5701 -92
5702 -94
5703 -96
5704 -97
5705 -98
5706 -99
5707 -99
5708 -99
5709 -99
5710 -99
5711 -98
5712 -97
5713 -95
5714 -93
5715 -91
5716 -89
5717 -86
5718 -83
5719 -80
5720 -76
5721 -73
5722 -68
5723 -64
5724 -60
5725 -55
5726 -50
5727 -45
5728 -40
5729 -35
5730 -29
5731 -24
5732 -18
5733 -12
5734 -7
5735 -1
5736 4
5737 10
5738 15
5739 21
5740 27
5741 32
5742 37
5743 43
5744 48
5745 53
5746 58
5747 62
5748 66
5749 71
5750 75
5751 78
5752 82
5753 85
5754 88
5755 90
5756 92
5757 94
5758 96
5759 97
5760 98
5761 99
5762 99
5763 99
5764 99
5765 99
5766 98
5767 96
5768 95
5769 93
5770 90
5771 88
5772 85
5773 82
5774 79
5775 75
5776 71
5777 67
5778 63
5779 58
5780 53
5781 48
5782 43
5783 38
5784 33
5785 27
5786 21
5787 16
5788 10
5789 4
5790 0
5791 -6
5792 -12
5793 -17
5794 -23
5795 -29
5796 -34
5797 -39
5798 -45
5799 -50
5800 -55
5801 -59
5802 -64
5803 -68
5804 -72
5805 -76
5806 -80
5807 -83
5808 -86
5809 -89
5810 -91
5811 -93
5812 -95
5813 -97
5814 -98
5815 -99
5816 -99
5817 -99
5818 -99
5819 -99
5820 -98
5821 -97
5822 -96
5823 -94
5824 -92
5825 -90
5826 -87
5827 -84
5828 -81
5829 -77
5830 -73
5831 -69
5832 -65
5833 -61
5834 -56
5835 -51
5836 -46
5837 -41
5838 -36
5839 -30
5840 -25
5841 -19
5842 -14
5843 -8
5844 -2
5845 3
5846 8
5847 14
5848 20
5849 25
5850 31
5851 36
5852 41
5853 47
5854 52
5855 56
5856 61
5857 65
5858 70
5859 74
5860 77
5861 81
5862 84
5863 87
5864 90
5865 92
5866 94
5867 96
5868 97
5869 98
5870 99
5871 99
5872 99
5873 99
5874 99
5875 98
5876 97
5877 95
5878 93
5879 91
5880 89
5881 86
5882 83
5883 79
5884 76
5885 72
5886 68
5887 64
5888 59
5889 54
5890 49
5891 44
5892 39
5893 34
5894 28
5895 23
5896 17
5897 12
5898 6
5899 0
5900 -5
5901 -10
5902 -16
5903 -22
5904 -27
5905 -33
5906 -38
5907 -43
5908 -48
5909 -53
5910 -58
5911 -63
5912 -67
5913 -71
5914 -75
5915 -79
5916 -82
5917 -85
5918 -88
5919 -91
5920 -93
5921 -95
5922 -96
5923 -98
5924 -99
5925 -99
5926 -99
5927 -99
5928 -99
5929 -98
5930 -97
5931 -96
5932 -94
5933 -92
5934 -90
5935 -88
5936 -85
5937 -82
5938 -78
5939 -74
5940 -70
5941 -66
5942 -62
5943 -57
5944 -53
5945 -48
5946 -42
5947 -37
5948 -32
5949 -26
5950 -21
5951 -15
5952 -9
5953 -4
5954 1
5955 7
5956 13
5957 18
5958 24
5959 29
5960 35
5961 40
5962 45
5963 50
5964 55
5965 60
5966 64
5967 69
5968 73
5969 76
5970 80
5971 83
5972 86
5973 89
5974 91
5975 94
5976 95
5977 97
5978 98
5979 99
5980 99
5981 99
5982 99
5983 99
5984 98
5985 97
5986 95
5987 94
5988 92
5989 89
5990 86
5991 84
5992 80
5993 77
5994 73
5995 69
5996 65
5997 60
5998 56
5999 51
6000 46
6001 40
6002 35
6003 30
6004 24
6005 19
6006 13
6007 7
6008 1
6009 -3
6010 -9
6011 -15
6012 -20
6013 -26
6014 -31
6015 -37
6016 -42
6017 -47
6018 -52
6019 -57
6020 -62
6021 -66
6022 -70
6023 -74
6024 -78
6025 -81
6026 -84
6027 -87
6028 -90
6029 -92
6030 -94
6031 -96
6032 -97
6033 -98
6034 -99
6035 -99
6036 -99
6037 -99
6038 -99
6039 -98
6040 -96
6041 -95
6042 -93
6043 -91
6044 -88
6045 -85
6046 -82
6047 -79
6048 -75
6049 -71
6050 -67
6051 -63
6052 -58
6053 -54
6054 -49
6055 -44
6056 -38
6057 -33
6058 -28
6059 -22
6060 -16
6061 -11
6062 -5
6063 0
6064 5
6065 11
6066 17
6067 23
6068 28
6069 34
6070 39
6071 44
6072 49
6073 54
6074 59
6075 63
6076 68
6077 72
6078 76
6079 79
6080 83
6081 86
6082 88
6083 91
6084 93
6085 95
6086 96
6087 98
6088 99
6089 99
6090 99
6091 99
6092 99
6093 98
6094 97
6095 96
6096 94
6097 92
6098 90
6099 87
6100 84
6101 81
6102 78
6103 74
6104 70
6105 66
6106 61
6107 57
6108 52
6109 47
6110 42
6111 36
6112 31
6113 26
6114 20
6115 14
6116 9
6117 3
6118 -2
6119 -8
6120 -13
6121 -19
6122 -25
6123 -30
6124 -36
6125 -41
6126 -46
6127 -51
6128 -56
6129 -61
6130 -65
6131 -69
6132 -73
6133 -77
6134 -81
6135 -84
6136 -87
6137 -89
6138 -92
6139 -94
6140 -96
6141 -97
6142 -98
6143 -99
6144 -99
6145 -99
6146 -99
6147 -99
6148 -98
6149 -97
6150 -95
6151 -93
6152 -91
6153 -89
6154 -86
6155 -83
6156 -80
6157 -76
6158 -72
6159 -68
6160 -64
6161 -60
6162 -55
6163 -50
6164 -45
6165 -40
6166 -34
6167 -29
6168 -23
6169 -18
6170 -12
6171 -6
6172 -1
6173 4
6174 10
6175 16
6176 21
6177 27
6178 32
6179 38
6180 43
6181 48
6182 53
6183 58
6184 62
6185 67
6186 71
6187 75
6188 78
6189 82
6190 85
6191 88
6192 90
6193 93
6194 95
6195 96
6196 97
6197 98
6198 99
6199 99
6200 99
6201 99
6202 98
6203 97
6204 96
6205 95
6206 93
6207 90
6208 88
6209 85
6210 82
6211 78
6212 75
6213 71
6214 67
6215 62
6216 58
6217 53
6218 48
6219 43
6220 38
6221 32
6222 27
6223 21
6224 16
6225 10
6226 4
6227 0
6228 -6
6229 -12
6230 -18
6231 -23
6232 -29
6233 -34
6234 -40
6235 -45
6236 -50
6237 -55
6238 -59
6239 -64
6240 -68
6241 -72
6242 -76
6243 -80
6244 -83
6245 -86
6246 -89
6247 -91
6248 -93
6249 -95
6250 -97
6251 -98
6252 -99
6253 -99
6254 -99
6255 -99
6256 -99
6257 -98
6258 -97
6259 -96
6260 -94
6261 -92
6262 -89
6263 -87
6264 -84
6265 -81
6266 -77
6267 -73
6268 -69
6269 -65
6270 -61
6271 -56
6272 -51
6273 -46
6274 -41
6275 -36
6276 -30
6277 -25
6278 -19
6279 -14
6280 -8
6281 -2
6282 3
6283 8
6284 14
6285 20
6286 25
6287 31
6288 36
6289 42
6290 47
6291 52
6292 57
6293 61
6294 66
6295 70
6296 74
6297 77
6298 81
6299 84
6300 87
6301 90
6302 92
6303 94
6304 96
6305 97
6306 98
6307 99
6308 99
6309 99
6310 99
6311 99
6312 98
6313 97
6314 95
6315 93
6316 91
6317 88
6318 86
6319 83
6320 79
6321 76
6322 72
6323 68
6324 63
6325 59
6326 54
6327 49
6328 44
6329 39
6330 34
6331 28
6332 23
6333 17
6334 11
6335 6
6336 0
6337 -5
6338 -11
6339 -16
6340 -22
6341 -27
6342 -33
6343 -38
6344 -44
6345 -49
6346 -54
6347 -58
6348 -63
6349 -67
6350 -71
6351 -75
6352 -79
6353 -82
6354 -85
6355 -88
6356 -91
6357 -93
6358 -95
6359 -96
6360 -98
6361 -99
6362 -99
6363 -99
6364 -99
6365 -99
6366 -98
6367 -97
6368 -96
6369 -94
6370 -92
6371 -90
6372 -87
6373 -85
6374 -81
6375 -78
6376 -74
6377 -70
6378 -66
6379 -62
6380 -57
6381 -52
6382 -47
6383 -42
6384 -37
6385 -32
6386 -26
6387 -21
6388 -15
6389 -9
6390 -3
6391 1
6392 7
6393 13
6394 18
6395 24
6396 30
6397 35
6398 40
6399 45
6400 51
6401 55
6402 60
6403 65
6404 69
6405 73
6406 77
6407 80
6408 83
6409 86
6410 89
6411 92
6412 94
6413 95
6414 97
6415 98
6416 99
6417 99
6418 99
6419 99
6420 99
6421 98
6422 97
6423 95
6424 94
6425 92
6426 89
6427 86
6428 83
6429 80
6430 77
6431 73
6432 69
6433 65
6434 60
6435 55
6436 51
6437 46
6438 40
6439 35
6440 30
6441 24
6442 18
6443 13
6444 7
6445 1
6446 -3
6447 -9
6448 -15
6449 -21
6450 -26
6451 -32
6452 -37
6453 -42
6454 -47
6455 -52
6456 -57
6457 -62
6458 -66
6459 -70
6460 -74
6461 -78
6462 -81
6463 -85
6464 -87
6465 -90
6466 -92
6467 -94
6468 -96
6469 -97
6470 -98
6471 -99
6472 -99
6473 -99
6474 -99
6475 -99
6476 -98
6477 -96
6478 -95
6479 -93
6480 -91
6481 -88
6482 -85
6483 -82
6484 -79
6485 -75
6486 -71
6487 -67
6488 -63
6489 -58
6490 -54
6491 -49
6492 -44
6493 -38
6494 -33
6495 -27
6496 -22
6497 -16
6498 -11
6499 -5
6500 0
6501 6
6502 11
6503 17
6504 23
6505 28
6506 34
6507 39
6508 44
6509 49
6510 54
6511 59
6512 63
6513 68
6514 72
6515 76
6516 79
6517 83
6518 86
6519 88
6520 91
6521 93
6522 95
6523 97
6524 98
6525 99
6526 99
6527 99
6528 99
6529 99
6530 98
6531 97
6532 96
6533 94
6534 92
6535 90
6536 87
6537 84
6538 81
6539 77
6540 74
6541 70
6542 66
6543 61
6544 57
6545 52
6546 47
6547 42
6548 36
6549 31
6550 25
6551 20
6552 14
6553 8
6554 3
6555 -2
6556 -8
6557 -14
6558 -19
6559 -25
6560 -30
6561 -36
6562 -41
6563 -46
6564 -51
6565 -56
6566 -61
6567 -65
6568 -69
6569 -73
6570 -77
6571 -81
6572 -84
6573 -87
6574 -89
6575 -92
6576 -94
6577 -96
6578 -97
6579 -98
6580 -99
6581 -99
6582 -99
6583 -99
6584 -99
6585 -98
6586 -97
6587 -95
6588 -93
6589 -91
6590 -89
6591 -86
6592 -83
6593 -80
6594 -76
6595 -72
6596 -68
6597 -64
6598 -59
6599 -55
6600 -50
6601 -45
6602 -40
6603 -34
6604 -29
6605 -23
6606 -18
6607 -12
6608 -6
6609 -1
6610 4
6611 10
6612 16
6613 21
6614 27
6615 32
6616 38
6617 43
6618 48
6619 53
6620 58
6621 62
6622 67
6623 71
6624 75
6625 78
6626 82
6627 85
6628 88
6629 90
6630 93
6631 95
6632 96
6633 97
6634 98
6635 99
6636 99
6637 99
6638 99
6639 98
6640 97
6641 96
6642 95
6643 93
6644 90
6645 88
6646 85
6647 82
6648 78
6649 75
6650 71
6651 67
6652 62
6653 58
6654 53
6655 48
6656 43
6657 38
6658 32
6659 27
6660 21
6661 16
6662 10
6663 4
6664 -1
6665 -6
6666 -12
6667 -18
6668 -23
6669 -29
6670 -34
6671 -40
6672 -45
6673 -50
6674 -55
6675 -60
6676 -64
6677 -68
6678 -72
6679 -76
6680 -80
6681 -83
6682 -86
6683 -89
6684 -91
6685 -93
6686 -95
6687 -97
6688 -98
6689 -99
6690 -99
6691 -99
6692 -99
6693 -99
6694 -98
6695 -97
6696 -96
6697 -94
6698 -92
6699 -89
6700 -87
6701 -84
6702 -81
6703 -77
6704 -73
6705 -69
6706 -65
6707 -61
6708 -56
6709 -51
6710 -46
6711 -41
6712 -36
6713 -30
6714 -25
6715 -19
6716 -13
6717 -8
6718 -2
6719 3
6720 9
6721 14
6722 20
6723 26
6724 31
6725 36
6726 42
6727 47
6728 52
6729 57
6730 61
6731 66
6732 70
6733 74
6734 78
6735 81
6736 84
6737 87
6738 90
6739 92
6740 94
6741 96
6742 97
6743 98
6744 99
6745 99
6746 99
6747 99
6748 99
6749 98
6750 96
6751 95
6752 93
6753 91
6754 88
6755 86
6756 83
6757 79
6758 76
6759 72
6760 68
6761 63
6762 59
6763 54
6764 49
6765 44
6766 39
6767 34
6768 28
6769 23
6770 17
6771 11
6772 5
6773 0
6774 -5
6775 -11
6776 -16
6777 -22
6778 -28
6779 -33
6780 -38
6781 -44
6782 -49
6783 -54
6784 -58
6785 -63
6786 -67
6787 -71
6788 -75
6789 -79
6790 -82
6791 -85
6792 -88
6793 -91
6794 -93
6795 -95
6796 -96
6797 -98
6798 -99
6799 -99
6800 -99
6801 -99
6802 -99
6803 -98
6804 -97
6805 -96
6806 -94
6807 -92
6808 -90
6809 -87
6810 -84
6811 -81
6812 -78
6813 -74
6814 -70
6815 -66
6816 -62
6817 -57
6818 -52
6819 -47
6820 -42
6821 -37
6822 -31
6823 -26
6824 -20
6825 -15
6826 -9
6827 -3
6828 1
6829 7
6830 13
6831 19
6832 24
6833 30
6834 35
6835 40
6836 46
6837 51
6838 56
6839 60
6840 65
6841 69
6842 73
6843 77
6844 80
6845 83
6846 86
6847 89
6848 92
6849 94
6850 95
6851 97
6852 98
6853 99
6854 99
6855 99
6856 99
6857 99
6858 98
6859 97
6860 95
6861 94
6862 91
6863 89
6864 86
6865 83
6866 80
6867 77
6868 73
6869 69
6870 64
6871 60
6872 55
6873 50
6874 45
6875 40
6876 35
6877 29
6878 24
6879 18
6880 13
6881 7
6882 1
6883 -4
6884 -9
6885 -15
6886 -21
6887 -26
6888 -32
6889 -37
6890 -42
6891 -48
6892 -53
6893 -57
6894 -62
6895 -66
6896 -70
6897 -74
6898 -78
6899 -82
6900 -85
6901 -88
6902 -90
6903 -92
6904 -94
6905 -96
6906 -97
6907 -98
6908 -99
6909 -99
6910 -99
6911 -99
6912 -99
6913 -98
6914 -96
6915 -95
6916 -93
6917 -91
6918 -88
6919 -85
6920 -82
6921 -79
6922 -75
6923 -71
6924 -67
6925 -63
6926 -58
6927 -53
6928 -49
6929 -43
6930 -38
6931 -33
6932 -27
6933 -22
6934 -16
6935 -10
6936 -5
6937 0
6938 6
6939 12
6940 17
6941 23
6942 28
6943 34
6944 39
6945 44
6946 49
6947 54
6948 59
6949 64
6950 68
6951 72
6952 76
6953 79
6954 83
6955 86
6956 89
6957 91
6958 93
6959 95
6960 97
6961 98
6962 99
6963 99
6964 99
6965 99
6966 99
6967 98
6968 97
6969 96
6970 94
6971 92
6972 90
6973 87
6974 84
6975 81
6976 77
6977 74
6978 70
6979 65
6980 61
6981 56
6982 52
6983 47
6984 41
6985 36
6986 31
6987 25
6988 20
6989 14
6990 8
6991 3
6992 -2
6993 -8
6994 -14
6995 -19
6996 -25
6997 -30
6998 -36
6999 -41
7000 -46
7001 -51
7002 -56
7003 -61
7004 -65
7005 -69
7006 -73
7007 -77
7008 -81
7009 -84
7010 -87
7011 -90
7012 -92
7013 -94
7014 -96
7015 -97
7016 -98
7017 -99
7018 -99
7019 -99
7020 -99
7021 -99
7022 -98
7023 -97
7024 -95
7025 -93
7026 -91
7027 -89
7028 -86
7029 -83
7030 -80
7031 -76
7032 -72
7033 -68
7034 -64
7035 -59
7036 -55
7037 -50
7038 -45
7039 -39
7040 -34
7041 -29
7042 -23
7043 -17
7044 -12
7045 -6
7046 0
7047 4
7048 10
7049 16
7050 21
7051 27
7052 33
7053 38
7054 43
7055 48
7056 53
7057 58
7058 63
7059 67
7060 71
7061 75
7062 79
7063 82
7064 85
7065 88
7066 90
7067 93
7068 95
7069 96
7070 98
7071 99
7072 99
7073 99
7074 99
7075 99
7076 98
7077 97
7078 96
7079 94
7080 93
7081 90
7082 88
7083 85
7084 82
7085 78
7086 75
7087 71
7088 67
7089 62
7090 58
7091 53
7092 48
7093 43
7094 37
7095 32
7096 27
7097 21
7098 15
7099 10
7100 4
7101 -1
7102 -7
7103 -12
7104 -18
7105 -24
7106 -29
7107 -35
7108 -40
7109 -45
7110 -50
7111 -55
7112 -60
7113 -64
7114 -68
7115 -73
7116 -76
7117 -80
7118 -83
7119 -86
7120 -89
7121 -91
7122 -93
7123 -95
7124 -97
7125 -98
7126 -99
7127 -99
7128 -99
7129 -99
7130 -99
7131 -98
7132 -97
7133 -96
7134 -94
7135 -92
7136 -89
7137 -87
7138 -84
7139 -80
7140 -77
7141 -73
7142 -69
7143 -65
7144 -60
7145 -56
7146 -51
7147 -46
7148 -41
7149 -35
7150 -30
7151 -24
7152 -19
7153 -13
7154 -7
7155 -2
7156 3
7157 9
7158 14
7159 20
7160 26
7161 31
7162 37
7163 42
7164 47
7165 52
7166 57
7167 61
7168 66
7169 70
7170 74
7171 78
7172 81
7173 84
7174 87
7175 90
7176 92
7177 94
7178 96
7179 97
7180 98
7181 99
7182 99
7183 99
7184 99
7185 99
7186 98
7187 96
7188 95
7189 93
7190 91
7191 88
7192 86
7193 82
7194 79
7195 76
7196 72
7197 68
7198 63
7199 59
7200 54
7201 49
7202 44
7203 39
7204 33
7205 28
7206 22
7207 17
7208 11
7209 5
7210 0
7211 -5
7212 -11
7213 -17
7214 -22
7215 -28
7216 -33
7217 -39
7218 -44
7219 -49
7220 -54
7221 -59
7222 -63
7223 -67
7224 -72
7225 -75
7226 -79
7227 -82
7228 -85
7229 -88
7230 -91
7231 -93
7232 -95
7233 -96
7234 -98
7235 -99
7236 -99
7237 -99
7238 -99
7239 -99
7240 -98
7241 -97
7242 -96
7243 -94
7244 -92
7245 -90
7246 -87
7247 -84
7248 -81
7249 -78
7250 -74
7251 -70
7252 -66
7253 -62
7254 -57
7255 -52
7256 -47
7257 -42
7258 -37
7259 -31
7260 -26
7261 -20
7262 -15
7263 -9
7264 -3
7265 2
7266 7
7267 13
7268 19
7269 24
7270 30
7271 35
7272 41
7273 46
7274 51
7275 56
7276 60
7277 65
7278 69
7279 73
7280 77
7281 80
7282 84
7283 87
7284 89
7285 92
7286 94
7287 95
7288 97
7289 98
7290 99
7291 99
7292 99
7293 99
7294 99
7295 98
7296 97
7297 95
7298 93
7299 91
7300 89
7301 86
7302 83
7303 80
7304 76
7305 73
7306 69
7307 64
7308 60
7309 55
7310 50
7311 45
7312 40
7313 35
7314 29
7315 24
7316 18
7317 12
7318 7
7319 1
7320 -4
7321 -10
7322 -15
7323 -21
7324 -26
7325 -32
7326 -37
7327 -43
7328 -48
7329 -53
7330 -57
7331 -62
7332 -66
7333 -71
7334 -75
7335 -78
7336 -82
7337 -85
7338 -88
7339 -90
7340 -92
7341 -94
7342 -96
7343 -97
7344 -98
7345 -99
7346 -99
7347 -99
7348 -99
7349 -99
7350 -98
7351 -96
7352 -95
7353 -93
7354 -90
7355 -88
7356 -85
7357 -82
7358 -79
7359 -75
7360 -71
7361 -67
7362 -63
7363 -58
7364 -53
7365 -48
7366 -43
7367 -38
7368 -33
7369 -27
7370 -22
7371 -16
7372 -10
7373 -5
7374 0
7375 6
7376 12
7377 17
7378 23
7379 29
7380 34
7381 39
7382 45
7383 50
7384 55
7385 59
7386 64
7387 68
7388 72
7389 76
7390 80
7391 83
7392 86
7393 89
7394 91
7395 93
7396 95
7397 97
7398 98
7399 99
7400 99
7401 99
7402 99
7403 99
7404 98
7405 97
7406 96
7407 94
7408 92
7409 90
7410 87
7411 84
7412 81
7413 77
7414 74
7415 70
7416 65
7417 61
7418 56
7419 51
7420 46
7421 41
7422 36
7423 31
7424 25
7425 19
7426 14
7427 8
7428 2
7429 -2
7430 -8
7431 -14
7432 -20
7433 -25
7434 -31
7435 -36
7436 -41
7437 -46
7438 -51
7439 -56
7440 -61
7441 -65
7442 -70
7443 -74
7444 -77
7445 -81
7446 -84
7447 -87
7448 -90
7449 -92
7450 -94
7451 -96
7452 -97
7453 -98
7454 -99
7455 -99
7456 -99
7457 -99
7458 -99
7459 -98
7460 -97
7461 -95
7462 -93
7463 -91
7464 -89
7465 -86
7466 -83
7467 -79
7468 -76
7469 -72
7470 -68
7471 -64
7472 -59
7473 -54
7474 -50
7475 -45
7476 -39
7477 -34
7478 -29
7479 -23
7480 -17
7481 -12
7482 -6
7483 0
7484 5
7485 10
7486 16
7487 22
7488 27
7489 33
7490 38
7491 43
7492 48
7493 53
7494 58
7495 63
7496 67
7497 71
7498 75
7499 79
7500 82
7501 85
7502 88
7503 91
7504 93
7505 95
7506 96
7507 98
7508 99
7509 99
7510 99
7511 99
7512 99
7513 98
7514 97
7515 96
7516 94
7517 92
7518 90
7519 88
7520 85
7521 82
7522 78
7523 74
7524 71
7525 66
7526 62
7527 57
7528 53
7529 48
7530 43
7531 37
7532 32
7533 26
7534 21
7535 15
7536 9
7537 4
7538 -1
7539 -7
7540 -12
7541 -18
7542 -24
7543 -29
7544 -35
7545 -40
7546 -45
7547 -50
7548 -55
7549 -60
7550 -64
7551 -69
7552 -73
7553 -76
7554 -80
7555 -83
7556 -86
7557 -89
7558 -91
7559 -94
7560 -95
7561 -97
7562 -98
7563 -99
7564 -99
7565 -99
7566 -99
7567 -99
7568 -98
7569 -97
7570 -95
7571 -94
7572 -92
7573 -89
7574 -87
7575 -84
7576 -80
7577 -77
7578 -73
7579 -69
7580 -65
7581 -60
7582 -56
7583 -51
7584 -46
7585 -41
7586 -35
7587 -30
7588 -24
7589 -19
7590 -13
7591 -7
7592 -2
7593 3
7594 9
7595 15
7596 20
7597 26
7598 31
7599 37
7600 42
7601 47
7602 52
7603 57
7604 62
7605 66
7606 70
7607 74
7608 78
7609 81
7610 84
7611 87
7612 90
7613 92
7614 94
7615 96
7616 97
7617 98
7618 99
7619 99
7620 99
7621 99
7622 99
7623 98
7624 96
7625 95
7626 93
7627 91
7628 88
7629 85
7630 82
7631 79
7632 75
7633 72
7634 67
7635 63
7636 59
7637 54
7638 49
7639 44
7640 39
7641 33
7642 28
7643 22
7644 17
7645 11
7646 5
7647 0
7648 -5
7649 -11
7650 -17
7651 -22
7652 -28
7653 -33
7654 -39
7655 -44
7656 -49
7657 -54
7658 -59
7659 -63
7660 -68
7661 -72
7662 -76
7663 -79
7664 -82
7665 -86
7666 -88
7667 -91
7668 -93
7669 -95
7670 -96
7671 -98
7672 -99
7673 -99
7674 -99
7675 -99
7676 -99
7677 -98
7678 -97
7679 -96
7680 -94
7681 -92
7682 -90
7683 -87
7684 -84
7685 -81
7686 -78
7687 -74
7688 -70
7689 -66
7690 -61
7691 -57
7692 -52
7693 -47
7694 -42
7695 -37
7696 -31
7697 -26
7698 -20
7699 -14
7700 -9
7701 -3
7702 2
7703 8
7704 13
7705 19
7706 25
7707 30
7708 35
7709 41
7710 46
7711 51
7712 56
7713 60
7714 65
7715 69
7716 73
7717 77
7718 80
7719 84
7720 87
7721 89
7722 92
7723 94
7724 96
7725 97
7726 98
7727 99
7728 99
7729 99
7730 99
7731 99
7732 98
7733 97
7734 95
7735 93
7736 91
7737 89
7738 86
7739 83
7740 80
7741 76
7742 72
7743 68
7744 64
7745 60
7746 55
7747 50
7748 45
7749 40
7750 35
7751 29
7752 24
7753 18
7754 12
7755 7
7756 1
7757 -4
7758 -10
7759 -15
7760 -21
7761 -27
7762 -32
7763 -37
7764 -43
7765 -48
7766 -53
7767 -58
7768 -62
7769 -67
7770 -71
7771 -75
7772 -78
7773 -82
7774 -85
7775 -88
7776 -90
7777 -93
7778 -94
7779 -96
7780 -97
7781 -98
7782 -99
7783 -99
7784 -99
7785 -99
7786 -98
7787 -98
7788 -96
7789 -95
7790 -93
7791 -90
7792 -88
7793 -85
7794 -82
7795 -79
7796 -75
7797 -71
7798 -67
7799 -62
7800 -58
7801 -53
7802 -48
7803 -43
7804 -38
7805 -32
7806 -27
7807 -21
7808 -16
7809 -10
7810 -4
7811 0
7812 6
7813 12
7814 18
7815 23
7816 29
7817 34
7818 40
7819 45
7820 50
7821 55
7822 59
7823 64
7824 68
7825 72
7826 76
7827 80
7828 83
7829 86
7830 89
7831 91
7832 93
7833 95
7834 97
7835 98
7836 99
7837 99
7838 99
7839 99
7840 99
7841 98
7842 97
7843 96
7844 94
7845 92
7846 89
7847 87
7848 84
7849 81
7850 77
7851 73
7852 69
7853 65
7854 61
7855 56
7856 51
7857 46
7858 41
7859 36
7860 30
7861 25
7862 19
7863 14
7864 8
7865 2
7866 -3
7867 -8
7868 -14
7869 -20
7870 -25
7871 -31
7872 -36
7873 -41
7874 -47
7875 -52
7876 -56
7877 -61
7878 -66
7879 -70
7880 -74
7881 -77
7882 -81
7883 -84
7884 -87
7885 -90
7886 -92
7887 -94
7888 -96
7889 -97
7890 -98
7891 -99
7892 -99
7893 -99
7894 -99
7895 -99
7896 -98
7897 -97
7898 -95
7899 -93
7900 -91
7901 -89
7902 -86
7903 -83
7904 -79
7905 -76
7906 -72
7907 -68
7908 -64
7909 -59
7910 -54
7911 -49
7912 -44
7913 -39
7914 -34
7915 -28
7916 -23
7917 -17
7918 -11
7919 -6
7920 0
7921 5
7922 10
7923 16
7924 22
7925 27
7926 33
7927 38
7928 43
7929 49
7930 53
7931 58
7932 63
7933 67
7934 71
7935 75
7936 79
7937 82
7938 85
7939 88
7940 91
7941 93
7942 95
7943 96
7944 98
7945 99
7946 99
7947 99
7948 99
7949 99
7950 98
7951 97
7952 96
7953 94
7954 92
7955 90
7956 88
7957 85
7958 81
7959 78
7960 74
7961 70
7962 66
7963 62
7964 57
7965 52
7966 48
7967 42
7968 37
7969 32
7970 26
7971 21
7972 15
7973 9
7974 4
7975 -1
7976 -7
7977 -13
7978 -18
7979 -24
7980 -29
7981 -35
7982 -40
7983 -45
7984 -50
7985 -55
7986 -60
7987 -64
7988 -69
7989 -73
7990 -77
7991 -80
7992 -83
7993 -86
7994 -89
7995 -91
7996 -94
7997 -95
7998 -97
7999 -98
8000 -99
8001 -99
8002 -99
8003 -99
8004 -99
8005 -98
8006 -97
8007 -95
8008 -94
8009 -92
8010 -89
8011 -86
8012 -83
8013 -80
8014 -77
8015 -73
8016 -69
8017 -65
8018 -60
8019 -55
8020 -51
8021 -46
8022 -40
8023 -35
8024 -30
8025 -24
8026 -19
8027 -13
8028 -7
8029 -1
8030 3
8031 9
8032 15
8033 20
8034 26
8035 32
8036 37
8037 42
8038 47
8039 52
8040 57
8041 62
8042 66
8043 70
8044 74
8045 78
8046 81
8047 85
8048 87
8049 90
8050 92
8051 94
8052 96
8053 97
8054 98
8055 99
8056 99
8057 99
8058 99
8059 99
8060 98
8061 96
8062 95
8063 93
8064 91
8065 88
8066 85
8067 82
8068 79
8069 75
8070 71
8071 67
8072 63
8073 58
8074 54
8075 49
8076 44
8077 38
8078 33
8079 28
8080 22
8081 16
8082 11
8083 5
8084 0
8085 -6
8086 -11
8087 -17
8088 -23
8089 -28
8090 -34
8091 -39
8092 -44
8093 -49
8094 -54
8095 -59
8096 -63
8097 -68
8098 -72
8099 -76
8100 -79
8101 -83
8102 -86
8103 -88
8104 -91
8105 -93
8106 -95
8107 -97
8108 -98
8109 -99
8110 -99
8111 -99
8112 -99
8113 -99
8114 -98
8115 -97
8116 -96
8117 -94
8118 -92
8119 -90
8120 -87
8121 -84
8122 -81
8123 -78
8124 -74
8125 -70
8126 -66
8127 -61
8128 -57
8129 -52
8130 -47
8131 -42
8132 -36
8133 -31
8134 -25
8135 -20
8136 -14
8137 -9
8138 -3
8139 2
8140 8
8141 13
8142 19
8143 25
8144 30
8145 36
8146 41
8147 46
8148 51
8149 56
8150 61
8151 65
8152 69
8153 73
8154 77
8155 81
8156 84
8157 87
8158 89
8159 92
8160 94
8161 96
8162 97
8163 98
8164 99
8165 99
8166 99
8167 99
8168 99
8169 98
8170 97
8171 95
8172 93
8173 91
8174 89
8175 86
8176 83
8177 80
8178 76
8179 72
8180 68
8181 64
8182 60
8183 55
8184 50
8185 45
8186 40
8187 34
8188 29
8189 23
8190 18
8191 12
8192 6
8193 1
8194 -4
8195 -10
8196 -16
8197 -21
8198 -27
8199 -32
8200 -38
8201 -43
8202 -48
8203 -53
8204 -58
8205 -62
8206 -67
8207 -71
8208 -75
8209 -78
8210 -82
8211 -85
8212 -88
8213 -90
8214 -93
8215 -95
8216 -96
8217 -97
8218 -98
8219 -99
8220 -99
8221 -99
8222 -99
8223 -98
8224 -97
8225 -96
8226 -95
8227 -93
8228 -90
8229 -88
8230 -85
8231 -82
8232 -78
8233 -75
8234 -71
8235 -67
8236 -62
8237 -58
8238 -53
8239 -48
8240 -43
8241 -38
8242 -32
8243 -27
8244 -21
8245 -16
8246 -10
8247 -4
8248 1
8249 6
8250 12
8251 18
8252 23
8253 29
8254 34
8255 40
8256 45
8257 50
8258 55
8259 59
8260 64
8261 68
8262 72
8263 76
8264 80
8265 83
8266 86
8267 89
8268 91
8269 93
8270 95
8271 97
8272 98
8273 99
8274 99
8275 99
8276 99
8277 99
8278 98
8279 97
8280 96
8281 94
8282 92
8283 89
8284 87
8285 84
8286 81
8287 77
8288 73
8289 69
8290 65
8291 61
8292 56
8293 51
8294 46
8295 41
8296 36
8297 30
8298 25
8299 19
8300 13
8301 8
8302 2
8303 -3
8304 -8
8305 -14
8306 -20
8307 -25
8308 -31
8309 -36
8310 -42
8311 -47
8312 -52
8313 -57
8314 -61
8315 -66
8316 -70
8317 -74
8318 -78
8319 -81
8320 -84
8321 -87
8322 -90
8323 -92
8324 -94
8325 -96
8326 -97
8327 -98
8328 -99
8329 -99
8330 -99
8331 -99
8332 -99
8333 -98
8334 -97
8335 -95
8336 -93
8337 -91
8338 -88
8339 -86
8340 -83
8341 -79
8342 -76
8343 -72
8344 -68
8345 -63
8346 -59
8347 -54
8348 -49
8349 -44
8350 -39
8351 -34
8352 -28
8353 -23
8354 -17
8355 -11
8356 -6
8357 0
8358 5
8359 11
8360 16
8361 22
8362 28
8363 33
8364 38
8365 44
8366 49
8367 54
8368 58
8369 63
8370 67
8371 71
8372 75
8373 79
8374 82
8375 85
8376 88
8377 91
8378 93
8379 95
8380 96
8381 98
8382 99
8383 99
8384 99
8385 99
8386 99
8387 98
8388 97
8389 96
8390 94
8391 92
8392 90
8393 87
8394 85
8395 81
8396 78
8397 74
8398 70
8399 66
8400 62
8401 57
8402 52
8403 47
8404 42
8405 37
8406 32
8407 26
8408 20
8409 15
8410 9
8411 3
8412 -1
8413 -7
8414 -13
8415 -18
8416 -24
8417 -30
8418 -35
8419 -40
8420 -46
8421 -51
8422 -55
8423 -60
8424 -65
8425 -69
8426 -73
8427 -77
8428 -80
8429 -83
8430 -86
8431 -89
8432 -92
8433 -94
8434 -95
8435 -97
8436 -98
8437 -99
8438 -99
8439 -99
8440 -99
8441 -99
8442 -98
8443 -97
8444 -95
8445 -94
8446 -91
8447 -89
8448 -86
8449 -83
8450 -80
8451 -77
8452 -73
8453 -69
8454 -64
8455 -60
8456 -55
8457 -50
8458 -45
8459 -40
8460 -35
8461 -30
8462 -24
8463 -18
8464 -13
8465 -7
8466 -1
8467 4
8468 9
8469 15
8470 21
8471 26
8472 32
8473 37
8474 42
8475 47
8476 52
8477 57
8478 62
8479 66
8480 70
8481 74
8482 78
8483 81
8484 85
8485 87
8486 90
8487 92
8488 94
8489 96
8490 97
8491 98
8492 99
8493 99
8494 99
8495 99
8496 99
8497 98
8498 96
8499 95
8500 93
8501 91
8502 88
8503 85
8504 82
8505 79
8506 75
8507 71
8508 67
8509 63
8510 58
8511 54
8512 49
8513 43
8514 38
8515 33
8516 27
8517 22
8518 16
8519 11
8520 5
8521 0
8522 -6
8523 -11
8524 -17
8525 -23
8526 -28
8527 -34
8528 -39
8529 -44
8530 -49
8531 -54
8532 -59
8533 -64
8534 -68
8535 -72
8536 -76
8537 -79
8538 -83
8539 -86
8540 -89
8541 -91
8542 -93
8543 -95
8544 -97
8545 -98
8546 -99
8547 -99
8548 -99
8549 -99
8550 -99
8551 -98
8552 -97
8553 -96
8554 -94
8555 -92
8556 -90
8557 -87
8558 -84
8559 -81
8560 -77
8561 -74
8562 -70
8563 -66
8564 -61
8565 -56
8566 -52
8567 -47
8568 -42
8569 -36
8570 -31
8571 -25
8572 -20
8573 -14
8574 -8
8575 -3
8576 2
8577 8
8578 14
8579 19
8580 25
8581 30
8582 36
8583 41
8584 46
8585 51
8586 56
8587 61
8588 65
8589 69
8590 73
8591 77
8592 81
8593 84
8594 87
8595 89
8596 92
8597 94
8598 96
8599 97
8600 98
8601 99
8602 99
8603 99
8604 99
8605 99
8606 98
8607 97
8608 95
8609 93
8610 91
8611 89
8612 86
8613 83
8614 80
8615 76
8616 72
8617 68
8618 64
8619 59
8620 55
8621 50
8622 45
8623 40
8624 34
8625 29
8626 23
8627 18
8628 12
8629 6
8630 0
8631 -4
8632 -10
8633 -16
8634 -21
8635 -27
8636 -32
8637 -38
8638 -43
8639 -48
8640 -53
8641 -58
8642 -62
8643 -67
8644 -71
8645 -75
8646 -79
8647 -82
8648 -85
8649 -88
8650 -90
8651 -93
8652 -95
8653 -96
8654 -98
8655 -98
8656 -99
8657 -99
8658 -99
8659 -99
8660 -98
8661 -97
8662 -96
8663 -94
8664 -93
8665 -90
8666 -88
8667 -85
8668 -82
8669 -78
8670 -75
8671 -71
8672 -67
8673 -62
8674 -58
8675 -53
8676 -48
8677 -43
8678 -38
8679 -32
8680 -27
8681 -21
8682 -15
8683 -10
8684 -4
8685 1
8686 6
8687 12
8688 18
8689 24
8690 29
8691 34
8692 40
8693 45
8694 50
8695 55
8696 60
8697 64
8698 68
8699 72
8700 76
8701 80
8702 83
8703 86
8704 89
8705 91
8706 93
8707 95
8708 97
8709 98
8710 99
8711 99
8712 99
8713 99
8714 99
8715 98
8716 97
8717 96
8718 94
8719 92
8720 89
8721 87
8722 84
8723 80
8724 77
8725 73
8726 69
8727 65
8728 60
8729 56
8730 51
8731 46
8732 41
8733 36
8734 30
8735 25
8736 19
8737 13
8738 8
8739 2
8740 -3
8741 -9
8742 -14
8743 -20
8744 -26
8745 -31
8746 -37
8747 -42
8748 -47
8749 -52
8750 -57
8751 -61
8752 -66
8753 -70
8754 -74
8755 -78
8756 -81
8757 -84
8758 -87
8759 -90
8760 -92
8761 -94
8762 -96
8763 -97
8764 -98
8765 -99
8766 -99
8767 -99
8768 -99
8769 -99
8770 -98
8771 -96
8772 -95
8773 -93
8774 -91
8775 -88
8776 -86
8777 -83
8778 -79
8779 -76
8780 -72
8781 -68
8782 -63
8783 -59
8784 -54
8785 -49
8786 -44
8787 -39
8788 -33
8789 -28
8790 -22
8791 -17
8792 -11
8793 -5
8794 0
8795 5
8796 11
8797 17
8798 22
8799 28
8800 33
8801 39
8802 44
8803 49
8804 54
8805 59
8806 63
8807 67
8808 71
8809 75
8810 79
8811 82
8812 85
8813 88
8814 91
8815 93
8816 95
8817 96
8818 98
8819 99
8820 99
8821 99
8822 99
8823 99
8824 98
8825 97
8826 96
8827 94
8828 92
8829 90
8830 87
8831 84
8832 81
8833 78
8834 74
8835 70
8836 66
8837 62
8838 57
8839 52
8840 47
8841 42
8842 37
8843 31
8844 26
8845 20
8846 15
8847 9
8848 3
8849 -2
8850 -7
8851 -13
8852 -19
8853 -24
8854 -30
8855 -35
8856 -41
8857 -46
8858 -51
8859 -56
8860 -60
8861 -65
8862 -69
8863 -73
8864 -77
8865 -80
8866 -84
8867 -87
8868 -89
8869 -92
8870 -94
8871 -95
8872 -97
8873 -98
8874 -99
8875 -99
8876 -99
8877 -99
8878 -99
8879 -98
8880 -97
8881 -95
8882 -94
8883 -91
8884 -89
8885 -86
8886 -83
8887 -80
8888 -76
8889 -73
8890 -69
8891 -64
8892 -60
8893 -55
8894 -50
8895 -45
8896 -40
8897 -35
8898 -29
8899 -24
8900 -18
8901 -13
8902 -7
8903 -1
8904 4
8905 9
8906 15
8907 21
8908 26
8909 32
8910 37
8911 43
8912 48
8913 53
8914 57
8915 62
8916 66
8917 71
8918 74
8919 78
8920 82
8921 85
8922 88
8923 90
8924 92
8925 94
8926 96
8927 97
8928 98
8929 99
8930 99
8931 99
8932 99
8933 99
8934 98
8935 96
8936 95
8937 93
8938 91
8939 88
8940 85
8941 82
8942 79
8943 75
8944 71
8945 67
8946 63
8947 58
8948 53
8949 48
8950 43
8951 38
8952 33
8953 27
8954 22
8955 16
8956 10
8957 5
8958 0
8959 -6
8960 -12
8961 -17
8962 -23
8963 -28
8964 -34
8965 -39
8966 -44
8967 -50
8968 -54
8969 -59
8970 -64
8971 -68
8972 -72
8973 -76
8974 -79
8975 -83
8976 -86
8977 -89
8978 -91
8979 -93
8980 -95
8981 -97
8982 -98
8983 -99
8984 -99
8985 -99
8986 -99
8987 -99
8988 -98
8989 -97
8990 -96
8991 -94
8992 -92
8993 -90
8994 -87
8995 -84
8996 -81
8997 -77
8998 -74
8999 -70
9000 -65
9001 -61
9002 -56
9003 -52
9004 -47
9005 -41
9006 -36
9007 -31
9008 -25
9009 -20
9010 -14
9011 -8
9012 -2
9013 2
9014 8
9015 14
9016 19
9017 25
9018 31
9019 36
9020 41
9021 46
9022 51
9023 56
9024 61
9025 65
9026 70
9027 74
9028 77
9029 81
9030 84
9031 87
9032 90
9033 92
9034 94
9035 96
9036 97
9037 98
9038 99
9039 99
9040 99
9041 99
9042 99
9043 98
9044 97
9045 95
9046 93
9047 91
9048 89
9049 86
9050 83
9051 80
9052 76
9053 72
9054 68
9055 64
9056 59
9057 55
9058 50
9059 45
9060 39
9061 34
9062 29
9063 23
9064 17
9065 12
9066 6
9067 0
9068 -4
9069 -10
9070 -16
9071 -22
9072 -27
9073 -33
9074 -38
9075 -43
9076 -48
9077 -53
9078 -58
9079 -63
9080 -67
9081 -71
9082 -75
9083 -79
9084 -82
9085 -85
9086 -88
9087 -90
9088 -93
9089 -95
9090 -96
9091 -98
9092 -99
9093 -99
9094 -99
9095 -99
9096 -99
9097 -98
9098 -97
9099 -96
9100 -94
9101 -92
9102 -90
9103 -88
9104 -85
9105 -82
9106 -78
9107 -75
9108 -71
9109 -66
9110 -62
9111 -57
9112 -53
9113 -48
9114 -43
9115 -37
9116 -32
9117 -27
9118 -21
9119 -15
9120 -10
9121 -4
9122 1
9123 7
9124 12
9125 18
9126 24
9127 29
9128 35
9129 40
9130 45
9131 50
9132 55
9133 60
9134 64
9135 69
9136 73
9137 76
9138 80
9139 83
9140 86
9141 89
9142 91
9143 93
9144 95
9145 97
9146 98
9147 99
9148 99
9149 99
9150 99
9151 99
9152 98
9153 97
9154 95
9155 94
9156 92
9157 89
9158 87
9159 84
9160 80
9161 77
9162 73
9163 69
9164 65
9165 60
9166 56
9167 51
9168 46
9169 41
9170 35
9171 30
9172 24
9173 19
9174 13
9175 7
9176 2
9177 -3
9178 -9
9179 -15
9180 -20
9181 -26
9182 -31
9183 -37
9184 -42
9185 -47
9186 -52
9187 -57
9188 -61
9189 -66
9190 -70
9191 -74
9192 -78
9193 -81
9194 -84
9195 -87
9196 -90
9197 -92
9198 -94
9199 -96
9200 -97
9201 -98
9202 -99
9203 -99
9204 -99
9205 -99
9206 -99
9207 -98
9208 -96
9209 -95
9210 -93
9211 -91
9212 -88
9213 -85
9214 -82
9215 -79
9216 -75
9217 -72
9218 -67
9219 -63
9220 -59
9221 -54
9222 -49
9223 -44
9224 -39
9225 -33
9226 -28
9227 -22
9228 -17
9229 -11
9230 -5
9231 0
9232 5
9233 11
9234 17
9235 22
9236 28
9237 33
9238 39
9239 44
9240 49
9241 54
9242 59
9243 63
9244 68
9245 72
9246 75
9247 79
9248 82
9249 86
9250 88
9251 91
9252 93
9253 95
9254 96
9255 98
9256 99
9257 99
9258 99
9259 99
9260 99
9261 98
9262 97
9263 96
9264 94
9265 92
9266 90
9267 87
9268 84
9269 81
9270 78
9271 74
9272 70
9273 66
9274 61
9275 57
9276 52
9277 47
9278 42
9279 37
9280 31
9281 26
9282 20
9283 15
9284 9
9285 3
9286 -2
9287 -7
9288 -13
9289 -19
9290 -24
9291 -30
9292 -35
9293 -41
9294 -46
9295 -51
9296 -56
9297 -60
9298 -65
9299 -69
9300 -73
9301 -77
9302 -80
9303 -84
9304 -87
9305 -89
9306 -92
9307 -94
9308 -96
9309 -97
9310 -98
9311 -99
9312 -99
9313 -99
9314 -99
9315 -99
9316 -98
9317 -97
9318 -95
9319 -93
9320 -91
9321 -89
9322 -86
9323 -83
9324 -80
9325 -76
9326 -73
9327 -69
9328 -64
9329 -60
9330 -55
9331 -50
9332 -45
9333 -40
9334 -35
9335 -29
9336 -24
9337 -18
9338 -12
9339 -7
9340 -1
9341 4
9342 10
9343 15
9344 21
9345 27
9346 32
9347 37
9348 43
9349 48
9350 53
9351 58
9352 62
9353 66
9354 71
9355 75
9356 78
9357 82
9358 85
9359 88
9360 90
9361 92
9362 94
9363 96
9364 97
9365 98
9366 99
9367 99
9368 99
9369 99
9370 99
9371 98
9372 96
9373 95
9374 93
9375 90
9376 88
9377 85
9378 82
9379 79
9380 75
9381 71
9382 67
9383 63
9384 58
9385 53
9386 48
9387 43
9388 38
9389 33
9390 27
9391 22
9392 16
9393 10
9394 4
9395 0
9396 -6
9397 -12
9398 -17
9399 -23
9400 -29
9401 -34
9402 -39
9403 -45
9404 -50
9405 -55
9406 -59
9407 -64
9408 -68
9409 -72
9410 -76
9411 -80
9412 -83
9413 -86
9414 -89
9415 -91
9416 -93
9417 -95
9418 -97
9419 -98
9420 -99
9421 -99
9422 -99
9423 -99
9424 -99
9425 -98
9426 -97
9427 -96
9428 -94
9429 -92
9430 -90
9431 -87
9432 -84
9433 -81
9434 -77
9435 -73
9436 -70
9437 -65
9438 -61
9439 -56
9440 -51
9441 -46
9442 -41
9443 -36
9444 -31
9445 -25
9446 -19
9447 -14
9448 -8
9449 -2
9450 2
9451 8
9452 14
9453 20
9454 25
9455 31
9456 36
9457 41
9458 47
9459 52
9460 56
9461 61
9462 65
9463 70
9464 74
9465 77
9466 81
9467 84
9468 87
9469 90
9470 92
9471 94
9472 96
9473 97
9474 98
9475 99
9476 99
9477 99
9478 99
9479 99
9480 98
9481 97
9482 95
9483 93
9484 91
9485 89
9486 86
9487 83
9488 79
9489 76
9490 72
9491 68
9492 64
9493 59
9494 54
9495 50
9496 44
9497 39
9498 34
9499 28
9500 23
9501 17
9502 12
9503 6
9504 0
9505 -5
9506 -10
9507 -16
9508 -22
9509 -27
9510 -33
9511 -38
9512 -43
9513 -48
9514 -53
9515 -58
9516 -63
9517 -67
9518 -71
9519 -75
9520 -79
9521 -82
9522 -85
9523 -88
9524 -91
9525 -93
9526 -95
9527 -96
9528 -98
9529 -99
9530 -99
9531 -99
9532 -99
9533 -99
9534 -98
9535 -97
9536 -96
9537 -94
9538 -92
9539 -90
9540 -88
9541 -85
9542 -82
9543 -78
9544 -74
9545 -70
9546 -66
9547 -62
9548 -57
9549 -53
9550 -48
9551 -42
9552 -37
9553 -32
9554 -26
9555 -21
9556 -15
9557 -9
9558 -4
9559 1
9560 7
9561 13
9562 18
9563 24
9564 29
9565 35
9566 40
9567 45
9568 50
9569 55
9570 60
9571 64
9572 69
9573 73
9574 76
9575 80
9576 83
9577 86
9578 89
9579 91
9580 94
9581 95
9582 97
9583 98
9584 99
9585 99
9586 99
9587 99
9588 99
9589 98
9590 97
9591 95
9592 94
9593 92
9594 89
9595 87
9596 84
9597 80
9598 77
9599 73
9600 69
9601 65
9602 60
9603 56
9604 51
9605 46
9606 41
9607 35
9608 30
9609 24
9610 19
9611 13
9612 7
9613 1
9614 -3
9615 -9
9616 -15
9617 -20
9618 -26
9619 -31
9620 -37
9621 -42
9622 -47
9623 -52
9624 -57
9625 -62
9626 -66
9627 -70
9628 -74
9629 -78
9630 -81
9631 -84
9632 -87
9633 -90
9634 -92
9635 -94
9636 -96
9637 -97
9638 -98
9639 -99
9640 -99
9641 -99
9642 -99
9643 -99
9644 -98
9645 -96
9646 -95
9647 -93
9648 -91
9649 -88
9650 -85
9651 -82
9652 -79
9653 -75
9654 -71
9655 -67
9656 -63
9657 -58
9658 -54
9659 -49
9660 -44
9661 -39
9662 -33
9663 -28
9664 -22
9665 -16
9666 -11
9667 -5
9668 0
9669 5
9670 11
9671 17
9672 22
9673 28
9674 34
9675 39
9676 44
9677 49
9678 54
9679 59
9680 63
9681 68
9682 72
9683 76
9684 79
9685 83
9686 86
9687 88
9688 91
9689 93
9690 95
9691 96
9692 98
9693 99
9694 99
9695 99
9696 99
9697 99
9698 98
9699 97
9700 96
9701 94
9702 92
9703 90
9704 87
9705 84
9706 81
9707 78
9708 74
9709 70
9710 66
9711 61
9712 57
9713 52
9714 47
9715 42
9716 36
9717 31
9718 26
9719 20
9720 14
9721 9
9722 3
9723 -2
9724 -8
9725 -13
9726 -19
9727 -25
9728 -30
9729 -36
9730 -41
9731 -46
9732 -51
9733 -56
9734 -61
9735 -65
9736 -69
9737 -73
9738 -77
9739 -80
9740 -84
9741 -87
9742 -89
9743 -92
9744 -94
9745 -96
9746 -97
9747 -98
9748 -99
9749 -99
9750 -99
9751 -99
9752 -99
9753 -98
9754 -97
9755 -95
9756 -93
9757 -91
9758 -89
9759 -86
9760 -83
9761 -80
9762 -76
9763 -72
9764 -68
9765 -64
9766 -60
9767 -55
9768 -50
9769 -45
9770 -40
9771 -34
9772 -29
9773 -23
9774 -18
9775 -12
9776 -6
9777 -1
9778 4
9779 10
9780 15
9781 21
9782 27
9783 32
9784 38
9785 43
9786 48
9787 53
9788 58
9789 62
9790 67
9791 71
9792 75
9793 78
9794 82
9795 85
9796 88
9797 90
9798 93
9799 95
9800 96
9801 97
9802 98
9803 99
9804 99
9805 99
9806 99
9807 98
9808 98
9809 96
9810 95
9811 93
9812 90
9813 88
9814 85
9815 82
9816 78
9817 75
9818 71
9819 67
9820 62
9821 58
9822 53
9823 48
9824 43
9825 38
9826 32
9827 27
9828 21
9829 16
9830 10
9831 4
9832 0
9833 -6
9834 -12
9835 -18
9836 -23
9837 -29
9838 -34
9839 -40
9840 -45
9841 -50
9842 -55
9843 -59
9844 -64
9845 -68
9846 -72
9847 -76
9848 -80
9849 -83
9850 -86
9851 -89
9852 -91
9853 -93
9854 -95
9855 -97
9856 -98
9857 -99
9858 -99
9859 -99
9860 -99
9861 -99
9862 -98
9863 -97
9864 -96
9865 -94
9866 -92
9867 -89
9868 -87
9869 -84
9870 -81
9871 -77
9872 -73
9873 -69
9874 -65
9875 -61
9876 -56
9877 -51
9878 -46
9879 -41
9880 -36
9881 -30
9882 -25
9883 -19
9884 -14
9885 -8
9886 -2
9887 3
9888 8
9889 14
9890 20
9891 25
9892 31
9893 36
9894 42
9895 47
9896 52
9897 57
9898 61
9899 66
9900 70
9901 74
9902 77
9903 81
9904 84
9905 87
9906 90
9907 92
9908 94
9909 96
9910 97
9911 98
9912 99
9913 99
9914 99
9915 99
9916 99
9917 98
9918 97
9919 95
9920 93
9921 91
9922 88
9923 86
9924 83
9925 79
9926 76
9927 72
9928 68
9929 63
9930 59
9931 54
9932 49
9933 44
9934 39
9935 34
9936 28
9937 23
9938 17
9939 11
9940 6
9941 0
9942 -5
9943 -11
9944 -16
9945 -22
9946 -27
9947 -33
9948 -38
9949 -44
9950 -49
9951 -54
9952 -58
9953 -63
9954 -67
9955 -71
9956 -75
9957 -79
9958 -82
9959 -85
9960 -88
9961 -91
9962 -93
9963 -95
9964 -96
9965 -98
9966 -99
9967 -99
9968 -99
9969 -99
9970 -99
9971 -98
9972 -97
9973 -96
9974 -94
9975 -92
9976 -90
9977 -87
9978 -85
9979 -81
9980 -78
9981 -74
9982 -70
9983 -66
9984 -62
9985 -57
9986 -52
9987 -47
9988 -42
9989 -37
9990 -32
9991 -26
9992 -21
9993 -15
9994 -9
9995 -4
9996 1
9997 7
9998 13
9999 18
